idx,idx_old,mz,mzmin,mzmax,rt,rtmin,rtmax,npeaks,samples,MPA,polarity
1,1,57.975863,57.975614,57.976043,61.5556,60.0479,64.8912,101,101,794294.4121,neg
2,2,59.014025,59.013812,59.014192,63.5293,62.796,64.2096,101,101,2358853.861,neg
4,4,61.988531,61.988253,61.988654,60.3656,59.4205,62.0145,71,71,378974.8167,neg
6,6,75.008804,75.008545,75.008983,203.07385,193.0563,209.0698,102,102,3734842.353,neg
8,8,75.008762,75.008478,75.008972,28.0893,10.7498,33.2588,105,105,3803387.723,neg
9,9,76.954231,76.953323,76.957571,55.0664,52.8901,57.431,84,84,51772.71721,neg
10,10,77.054575,77.054311,77.054809,107.8767,105.8819,110.2277,101,101,953266.2488,neg
11,11,78.91896,78.918279,78.920468,58.7978,56.9464,60.113,97,97,103226.2874,neg
12,12,80.921328,80.918492,80.922115,59.173,58.2344,60.1432,96,96,198140.2757,neg
13,13,80.974922,80.974628,80.975161,59.1332,56.3047,60.113,103,103,58768305.98,neg
14,14,81.027831,81.027508,81.028116,58.6706,57.5868,59.7004,78,78,143373.3586,neg
15,15,81.978141,81.977842,81.978388,59.2948,57.6867,60.6945,101,101,366769.2115,neg
16,16,82.916998,82.915612,82.91736,58.4148,56.8214,59.7181,89,89,70505.44845,neg
17,17,82.971926,82.97163,82.97217,59.4697,56.3047,60.4315,103,103,32373762.91,neg
18,18,83.026949,83.02635,83.028684,58.0733,56.5346,59.6504,63,63,53758.44807,neg
19,19,83.975216,83.974695,83.975847,59.2101,57.9127,61.187,101,101,156853.7258,neg
20,20,84.976212,84.975205,84.978455,58.7581,55.7905,60.6268,80,80,44357.55547,neg
22,22,87.008814,87.008388,87.008968,15.3983,11.3232,29.3573,94,94,5221623.936,neg
23,23,88.963565,88.963205,88.963778,78.48,75.9977,80.7735,97,97,210716.5261,neg
24,24,88.988112,88.987821,88.988311,197.0056,190.3845,199.8056,105,105,3263806.036,neg
25,25,89.024463,89.024108,89.0247,78.1412,75.6082,79.8481,101,101,69095832.74,neg
26,26,88.988187,88.987651,89.024709,27.4006,11.3232,32.1746,103,103,936480.327,neg
28,28,89.085451,89.085043,89.085772,78.6741,76.1641,80.7059,97,97,180202.3046,neg
29,29,90.027793,90.027427,90.028029,78.515,76.1838,80.6477,101,101,1520319.194,neg
35,35,92.862784,92.861362,92.863321,55.33245,53.6029,56.6552,98,98,70230.2957,neg
36,36,92.927882,92.927535,92.928165,57.1121,56.3047,57.7873,103,103,33329783.77,neg
38,38,94.924971,94.924622,94.925264,57.0575,56.3047,57.772,103,103,21768243.71,neg
39,39,96.921973,96.921609,96.92225,56.2011,55.5353,56.8131,101,101,2423033.576,neg
40,40,102.02718,102.026424,102.02783,107.61245,105.8819,109.5285,96,96,118264.9128,neg
42,42,102.9565,102.956331,102.956873,130.94955,128.9612,132.9468,70,70,3392818.52,neg
43,43,102.956728,102.956334,102.956879,243.87395,242.1177,245.8084,54,54,4845733.773,neg
44,44,103.003536,103.003167,103.003826,62.5797,61.8532,63.2606,101,101,61957086.71,neg
45,45,103.039938,103.039615,103.040188,151.1149,137.648,153.2698,101,101,11838412.28,neg
46,46,103.079447,103.07888,103.079976,61.9472,61.095,62.7505,101,101,139281.1677,neg
47,47,104.006786,104.006349,104.009794,61.8395,61.1614,62.4173,101,101,1227033.651,neg
48,48,104.043108,104.042432,104.043792,151.2613,139.3403,153.9749,98,98,239625.9174,neg
50,50,104.953716,104.953292,104.954031,51.6775,50.9875,60.2819,103,103,2537279.79,neg
51,51,105.019032,105.018612,105.019315,14.5713,11.8847,27.5456,102,102,697182.5493,neg
52,52,105.007984,105.007649,105.009488,62.8462,61.8563,64.0834,60,60,470761.0081,neg
54,54,108.901669,108.901259,108.90207,57.4588,56.3891,58.702,101,101,241071.4138,neg
55,55,110.898694,110.89815,110.89929,57.0511,55.3405,58.6191,98,98,129200.2185,neg
57,57,110.975529,110.974756,110.978788,264.3705,262.2428,267.6262,67,67,95479.66737,neg
59,59,115.03986,115.039466,115.040137,209.2705,204.5568,213.8816,101,101,5406170.013,neg
60,60,116.042007,116.040309,116.043284,208.5913,204.561,215.4665,72,72,155247.8859,neg
61,61,116.972127,116.971704,116.972837,63.863,62.6572,64.9371,95,95,195473.2072,neg
62,62,117.01902,117.018626,117.019366,109.4215,107.258,112.2389,102,102,505499.1681,neg
64,64,117.019111,117.018528,117.019308,14.9944,11.93,28.9161,77,77,513768.0638,neg
65,65,117.000196,116.997853,117.000751,264.06315,262.9816,264.8916,64,64,61127.18807,neg
66,66,117.055524,117.055186,117.055859,265.0625,264.406,265.7045,101,101,11707527.78,neg
67,67,117.110913,117.110284,117.114417,264.0122,263.0878,265.3486,76,76,54268.10931,neg
68,68,118.058734,118.058251,118.059404,265.037,264.1515,265.9072,101,101,311514.4149,neg
69,69,118.94321,118.929788,118.968976,54.2545,50.6059,64.3452,86,86,56589.06225,neg
70,70,119.034695,119.034194,119.034979,63.6499,61.0602,67.3693,90,90,252943.7645,neg
72,72,120.037928,120.0375,120.038279,108.1569,106.8701,109.6611,101,101,1457771.79,neg
73,73,120.986282,120.985857,120.986643,107.6169,106.4642,109.1299,101,101,443999.8043,neg
74,74,121.006267,120.995576,121.011239,609.7563,607.9516,610.625,63,63,228405.3926,neg
75,75,121.044231,121.042066,121.044558,107.6064,106.2504,109.8967,103,103,58570535.43,neg
76,76,121.029209,121.028816,121.029455,361.30585,359.4408,387.5388,102,102,682406.732,neg
77,77,121.029209,121.028809,121.030428,293.8915,292.3889,295.1002,101,101,566218.3354,neg
78,78,121.102228,121.101737,121.10267,107.5863,106.174,109.1299,101,101,427674.9025,neg
80,80,122.047429,122.046965,122.047744,107.6148,106.3464,109.1299,101,101,1690678.309,neg
81,81,123.048236,123.047793,123.0486,107.6185,105.8666,109.6611,101,101,360404.3025,neg
82,82,124.923988,124.922701,124.9248,58.6187,56.8922,59.8333,83,83,65932.56998,neg
83,83,125.000731,125.000237,125.001057,70.5185,65.4909,74.4228,101,101,592768.4604,neg
84,84,125.054227,125.052901,125.055886,358.7982,357.1881,360.5268,85,85,83053.42818,neg
85,85,126.060662,126.060316,126.061002,359.2901,358.7786,359.9299,101,101,11756127.89,neg
88,88,126.921916,126.904815,126.922425,58.5352,57.1019,63.9692,71,71,63844.85728,neg
89,89,126.904432,126.904152,126.905223,15.554,10.8382,33.9085,61,61,347059.0551,neg
90,90,126.997069,126.994453,126.998698,70.6337,66.3414,74.971,101,101,157493.419,neg
91,91,127.06376,127.06324,127.064225,359.4408,358.3568,360.6818,101,101,455319.4136,neg
92,92,128.034885,128.034408,128.035317,74.5939,71.9501,76.9242,91,91,305169.6957,neg
93,93,128.034991,128.034546,128.035227,104.3904,100.1518,105.8871,72,72,243613.4609,neg
94,94,128.991711,128.958836,128.992109,295.3663,293.9317,335.5578,105,102,741778.9719,neg
95,95,129.055551,129.055149,129.055863,295.326,293.705,296.7267,101,101,97517516.17,neg
96,96,129.119325,129.118871,129.119774,295.3814,293.6752,296.9001,101,101,707659.1607,neg
98,98,130.058718,130.05831,130.059029,295.3935,293.6752,296.8927,101,101,4366311.264,neg
99,99,130.086934,130.086306,130.087498,148.2401,144.0752,152.3389,77,77,122335.4018,neg
101,101,130.956889,130.956459,130.957175,279.3011,268.1076,286.9292,55,55,612544.5989,neg
102,102,131.034549,131.033992,131.034914,243.8834,208.5571,248.5081,77,77,333896.6134,neg
103,103,131.053159,131.043966,131.058023,295.90055,293.4196,298.7438,88,88,273968.9081,neg
104,104,131.070959,131.070557,131.071369,324.9957,323.8903,326.0793,101,101,1087814.484,neg
107,107,133.0139,133.013279,133.014775,63.00535,60.1936,66.184,58,58,92098.69841,neg
108,108,134.075605,134.075021,134.076274,124.663,122.1976,127.7293,100,100,159437.4717,neg
110,110,135.029479,135.028943,135.029846,76.4964,65.7809,81.519,101,101,1496918.353,neg
112,112,137.023931,137.023436,137.024356,365.5875,364.7981,366.3505,101,101,644718.8986,neg
113,113,136.991337,136.990736,137.007393,612.3501,610.4997,613.2056,77,77,1950352.269,neg
114,114,137.072223,137.071277,137.074667,235.595,234.5116,236.7381,99,99,62025.91827,neg
115,115,138.019254,138.018558,138.019602,341.05245,339.7203,343.027,100,100,327636.7257,neg
117,117,138.920495,138.919274,138.921999,55.0973,52.3508,58.0054,81,81,51256.94649,neg
119,119,142.994773,142.974265,142.996023,31.8716,9.9167,59.7035,103,101,296128.7831,neg
120,120,144.063695,144.044511,144.06644,266.34425,262.1466,288.9399,80,79,198928.9913,neg
121,121,144.045218,144.043852,144.066288,338.8741,334.6784,369.8802,75,74,198825.3727,neg
123,123,144.961289,144.960842,144.961741,439.9996,439.3541,440.6093,100,100,1716061.377,neg
124,124,145.050135,145.049647,145.050822,262.662,230.5713,298.0591,103,101,352953.6128,neg
125,125,145.061141,145.060596,145.061641,57.4626,56.7562,58.226,101,101,516381.2651,neg
126,126,145.963215,145.957057,145.966232,439.3683,436.8131,440.924,71,71,55959.92113,neg
127,127,146.045513,146.0264,146.048088,57.8393,54.5177,89.0812,55,54,55126.15698,neg
128,128,146.956528,146.937682,146.961409,439.5824,418.4461,442.2915,102,102,1065801.459,neg
130,130,146.982506,146.981955,146.982894,76.5653,68.8971,78.0378,103,103,845212.5575,neg
131,131,147.065521,147.062417,147.066258,293.0027,290.3276,295.2393,77,77,282932.4305,neg
133,133,148.95576,148.947456,148.958233,439.3633,436.6608,440.5246,89,89,99558.98914,neg
134,134,148.979629,148.978914,148.98131,76.43935,74.4611,78.1105,100,100,227741.4772,neg
135,135,149.076324,149.075844,149.076682,278.8902,275.1781,281.6036,101,101,863627.7667,neg
136,136,149.076399,149.075815,149.076801,336.3674,334.0687,338.5396,92,92,596377.6095,neg
137,137,150.886245,150.885704,150.886676,58.0053,55.7405,58.702,103,103,7841627.271,neg
139,139,151.039648,151.038986,151.040179,308.6301,271.4798,312.2332,60,58,151362.4564,neg
140,140,152.883256,152.882692,152.883715,58.0139,55.7405,58.702,103,103,7596690.586,neg
141,141,153.018811,153.017197,153.01989,298.487,288.5293,310.2782,81,81,219872.4425,neg
142,142,154.061412,154.059968,154.062804,53.47595,51.7819,54.68,98,98,65509.20891,neg
143,143,154.880231,154.879628,154.922725,57.76565,56.8632,58.4761,102,102,1829261.448,neg
145,145,155.011073,155.009969,155.011569,59.0708,57.4506,60.0122,101,101,164921.7444,neg
146,146,155.070826,155.070031,155.072634,379.1098,377.5018,381.8312,91,91,160559.9775,neg
147,147,155.070836,155.070197,155.071623,415.219,413.4966,416.3285,89,89,145335.483,neg
149,149,156.877327,156.876582,156.900984,57.6394,55.6655,59.0116,102,102,123819.0559,neg
151,151,157.011407,157.010787,157.011674,240.75845,235.5307,243.5535,74,74,1696186.573,neg
152,152,157.011261,157.01084,157.011682,847.5713,846.652,848.6014,72,72,1044484.64,neg
154,154,157.011142,157.010632,157.011644,17.1302,11.93,32.9938,69,69,1318451.163,neg
155,155,157.086205,157.084722,157.086759,417.8002,414.3753,421.8434,101,101,332235.1451,neg
157,157,158.081686,158.080744,158.082307,278.3803,257.2086,282.1176,70,70,142742.2299,neg
158,158,158.201214,158.200748,158.202158,484.3189,483.5684,485.201,101,101,225514.5847,neg
161,161,159.018521,159.017034,159.020965,106.7863,104.2414,108.5841,98,98,126261.6971,neg
162,162,159.065414,159.063,159.066503,301.5993,298.4325,305.7268,88,88,122889.2992,neg
163,163,159.101942,159.101053,159.102869,427.4447,400.065,428.8482,110,97,137136.262,neg
166,166,160.914905,160.914287,160.915401,53.7302,52.971,57.4311,103,103,2069889.888,neg
168,168,160.998027,160.997316,160.998927,150.7978,148.2435,152.7261,100,100,340018.7548,neg
170,170,161.081127,161.080377,161.081731,293.2409,289.7727,295.2393,72,72,243138.0261,neg
173,173,162.911888,162.91126,162.912363,53.7745,52.971,58.0054,103,103,1248690.523,neg
174,174,162.99474,162.991112,163.00292,150.8587,148.3477,153.7851,82,82,92901.52644,neg
176,176,163.060461,163.058923,163.061245,264.83835,263.4135,266.2291,84,84,99409.21597,neg
177,177,164.034496,164.033022,164.037916,263.3451,261.4261,265.5035,69,69,80020.77857,neg
178,178,164.071095,164.070555,164.07154,236.0387,234.9595,237.3166,101,101,426026.4662,neg
181,181,164.946775,164.908422,164.94751,46.29585,44.2343,64.2925,100,100,176522.7959,neg
182,182,164.926776,164.926119,164.927059,243.27735,240.0804,245.2899,68,68,815637.2433,neg
183,183,165.039975,165.038988,165.040305,62.3718,58.4429,65.8589,74,74,233852.1069,neg
184,184,165.052687,165.026657,165.05526,332.1908,299.7949,371.0435,106,101,338794.1748,neg
185,185,165.978498,165.977719,165.979187,848.445,845.8469,850.1026,66,66,61867.49204,neg
186,186,166.859867,166.857562,166.860474,57.9574,56.3891,59.1667,101,101,135147.4184,neg
188,188,167.020571,167.019892,167.020985,78.2616,77.4185,79.0345,101,101,14428672.21,neg
190,190,167.114618,167.113116,167.116349,78.9476,77.9224,80.2388,96,96,55299.11035,neg
191,191,168.023709,168.02293,168.024155,78.4248,77.4697,79.0777,101,101,466612.5718,neg
193,193,168.856717,168.835108,168.857712,57.8238,55.9728,59.4059,102,102,130586.1998,neg
195,195,170.943555,170.942908,170.944111,50.497,49.5865,62.0145,103,103,578996.4953,neg
197,197,170.943699,170.94301,170.944028,243.604,238.8596,246.1819,71,71,544035.0434,neg
198,198,171.026758,171.026002,171.027208,151.6943,149.4535,153.2698,101,101,550711.4499,neg
199,199,171.101918,171.101152,171.102661,374.96555,371.0987,379.3018,94,94,275934.3068,neg
200,200,172.06557,172.065029,172.066143,359.7974,358.4209,361.0431,100,100,328951.0188,neg
201,201,172.09716,172.095333,172.099582,289.8075,288.4362,291.2404,87,87,79048.60521,neg
203,203,172.942856,172.939574,172.956819,49.3405,11.6034,63.1734,103,102,166909.6298,neg
205,205,172.990812,172.956102,172.991324,253.94865,248.6194,293.3214,104,103,8450629.873,neg
206,206,173.081251,173.080672,173.081643,339.5685,338.8584,343.0491,103,103,578295.9104,neg
208,208,173.994095,173.993392,173.994765,253.42105,248.088,259.1442,92,92,345057.5352,neg
209,209,174.058735,174.057514,174.060191,266.916,264.2007,268.698,81,81,105347.9866,neg
212,212,174.955434,174.954915,174.955931,484.9421,482.0954,487.1695,88,88,10955362.58,neg
213,213,174.986597,174.985875,175.015153,254.237,247.5693,268.3348,95,95,208494.3992,neg
214,214,175.060511,175.059929,175.060941,295.8264,293.705,297.9336,101,101,574488.3941,neg
215,215,176.037898,176.0359,176.039755,258.9566,257.7792,260.4627,82,82,56409.26307,neg
219,219,177.995883,177.995391,177.996932,107.8617,106.2061,110.188,97,97,104154.9474,neg
220,220,178.050227,178.04971,178.050991,287.158,286.0661,287.6239,101,101,1138096.387,neg
223,223,179.002433,179.001749,179.002901,107.3768,105.8417,108.5841,101,101,5411957.062,neg
224,224,179.055511,179.05485,179.056056,54.1364,52.154,55.7388,103,103,2566468.181,neg
225,225,180.005404,180.004588,180.00627,107.2943,105.5364,109.2875,97,97,124219.9143,neg
226,226,180.058594,180.057885,180.05927,53.3184,52.06,55.7175,99,99,81468.0198,neg
228,228,180.898571,180.89826,180.899402,245.67225,243.9157,252.9816,68,68,553391.7646,neg
229,229,180.972422,180.965857,180.972894,714.5352,706.1277,716.1418,67,67,6707953.164,neg
230,230,180.999321,180.998648,180.999822,107.3659,105.8417,108.5841,101,101,1335349.587,neg
231,231,181.049876,181.049208,181.050385,264.0656,263.2591,283.7176,103,103,517763.9259,neg
232,232,181.071063,181.070332,181.072543,846.8154,844.5822,848.5404,75,75,47389.96864,neg
236,236,182.987518,182.986246,182.988527,329.6238,328.084,333.5294,82,82,654181.6452,neg
237,237,182.98788,182.987223,182.988278,498.7679,486.2993,533.1241,75,75,611679.3463,neg
238,238,183.015124,183.004882,183.015666,82.9672,58.4878,89.5135,103,103,380206.9998,neg
239,239,183.026741,183.026053,183.027187,208.6028,203.9631,212.205,99,99,268083.1593,neg
242,242,185.039246,185.03204,185.041663,266.5169,264.9507,268.0544,101,101,499373.7017,neg
243,243,185.0755,185.074845,185.076042,54.5308,53.4783,55.8865,101,101,755063.1151,neg
244,244,185.117627,185.115871,185.118679,471.2409,469.7112,472.1905,98,98,162638.4826,neg
245,245,186.112824,186.11224,186.113276,325.7466,325.0172,326.3365,101,101,947402.5835,neg
246,246,186.821087,186.819426,186.82213,305.7282,298.6933,311.7706,87,87,127914.585,neg
247,247,186.895218,186.894334,186.896003,306.727,300.4162,312.2945,101,101,441710.5308,neg
248,248,187.006583,187.005882,187.007108,307.1026,300.4162,312.2945,101,101,72732943.27,neg
249,249,187.096841,187.096207,187.097355,374.98585,343.406,375.5347,106,105,2310491.771,neg
250,250,187.117412,187.11618,187.118287,306.727,299.3739,313.9677,95,95,430351.4778,neg
251,251,187.133172,187.132495,187.133744,499.85935,478.4122,501.0081,94,94,242092.2373,neg
252,252,187.192204,187.191028,187.193537,305.6624,298.8679,311.8411,73,73,88532.12261,neg
254,254,188.009621,188.008995,188.010087,306.9163,300.4162,311.8411,101,101,4180746.536,neg
255,255,188.100006,188.098892,188.100927,374.4465,373.4586,375.1682,101,101,137106.0962,neg
256,256,188.762596,188.759904,188.763703,439.2303,438.599,440.0264,89,89,69270.72342,neg
257,257,188.837964,188.83725,188.838684,439.7374,439.24,440.268,100,100,242337.6183,neg
260,260,188.892913,188.892133,188.894407,846.00665,843.7486,847.6308,58,58,65643.17693,neg
261,261,188.950999,188.950418,188.951529,440.1917,439.75,440.7669,101,101,43265147.25,neg
262,262,188.984628,188.981213,188.986021,235.1058,231.5534,238.9387,96,96,1129192.555,neg
263,263,189.002523,189.001357,189.004542,306.2166,299.8876,311.7706,101,101,2187540.315,neg
264,264,189.03098,189.030287,189.031528,109.6908,108.3069,111.3815,101,101,670951.8898,neg
265,265,189.063946,189.062898,189.064766,439.70615,438.9043,440.2649,100,100,222436.6039,neg
267,267,189.954141,189.953288,189.95468,440.0268,439.6156,440.5246,101,101,2393701.692,neg
268,268,190.005381,190.003821,190.007254,305.59175,299.2041,311.663,74,74,99959.68743,neg
269,269,190.833092,190.831528,190.834524,439.5139,438.9043,440.0129,101,101,138577.9919,neg
270,270,190.947732,190.927193,190.94836,440.0266,439.2303,441.7639,102,102,27756826.31,neg
272,272,190.927292,190.926997,190.927975,245.19645,242.8675,283.8043,58,56,2388057.269,neg
273,273,191.018886,191.018237,191.019408,63.5951,62.7244,64.63,101,101,992753.9113,neg
274,274,191.018905,191.018083,191.019394,93.72045,92.5578,94.8425,94,94,690181.6774,neg
275,275,191.062707,191.061335,191.063859,439.3854,438.3862,439.9783,101,101,130899.1067,neg
277,277,191.951003,191.932264,191.951538,440.0701,439.6765,479.7153,102,101,1394608.676,neg
278,278,192.943521,192.940515,192.9446,439.5938,438.9043,440.0825,101,101,3727967.218,neg
281,281,193.947872,193.946864,193.948679,439.6698,438.9043,440.4354,101,101,160824.0657,neg
282,282,194.04741,194.046847,194.047947,357.1715,356.242,358.5644,101,101,1087796.152,neg
284,284,195.044157,195.043493,195.044713,63.0554,62.3789,64.0089,101,101,6894501.491,neg
285,285,195.04411,195.043329,195.044601,92.5608,91.6495,95.334,100,100,5254112.683,neg
286,286,195.058788,195.050606,195.063283,339.68395,337.7652,359.2864,54,54,132584.8193,neg
288,288,195.809577,195.809157,195.810316,103.584,100.7062,107.4463,59,59,717562.4298,neg
289,289,196.04723,196.046538,196.047742,63.0112,61.871,64.1246,101,101,269097.546,neg
290,290,196.047203,196.02116,196.047774,92.75955,91.2328,100.5222,84,84,226720.0275,neg
292,292,197.021247,197.020546,197.022166,60.9761,59.4978,64.6074,103,103,766080.3934,neg
293,293,197.021391,197.020708,197.021772,336.3586,320.7019,361.5163,79,79,1011395.658,neg
294,294,197.042402,197.041752,197.042849,295.2964,292.9095,296.9001,101,101,6206452.603,neg
295,295,197.081102,197.079691,197.082256,354.5583,353.7379,355.518,71,71,75429.35695,neg
297,297,197.806666,197.806228,197.807338,103.724,101.0884,106.2688,55,55,997749.3084,neg
298,298,198.045521,198.044816,198.046195,294.9427,292.9095,297.2421,99,99,307604.1363,neg
300,300,199.01189,199.00558,199.018515,336.2737,325.4085,346.7003,63,63,208139.0736,neg
301,301,199.036759,199.018665,199.037428,60.2516,59.6079,62.806,101,101,1569115.912,neg
302,302,199.096727,199.094764,199.098532,392.96375,390.7349,394.4408,90,90,86844.74347,neg
304,304,199.803632,199.803215,199.804434,103.6368,99.9687,106.4661,53,53,449757.4876,neg
305,305,200.040244,200.03914,200.041416,59.479,58.1939,60.8083,69,69,57786.66014,neg
307,307,200.984039,200.983262,200.984584,108.0979,106.963,109.6611,101,101,669448.0696,neg
308,308,201.034131,201.03326,201.036346,60.6945,58.8403,75.9152,101,101,418080.297,neg
309,309,201.021934,201.021057,201.025738,355.64155,343.1741,366.6578,86,86,270793.6056,neg
310,310,201.112403,201.111633,201.112862,408.1495,407.7355,408.7335,101,101,861205.9336,neg
313,313,202.115673,202.114188,202.11731,407.4019,406.2922,408.0543,63,63,56966.95762,neg
315,315,202.996847,202.996031,202.997352,78.2411,77.3331,79.1209,101,101,1735053.493,neg
316,316,202.981034,202.980255,202.981613,108.2766,106.3857,110.2277,97,97,174290.5041,neg
317,317,203.000975,203.000247,203.001573,290.50795,283.6505,295.9632,100,100,1936204.072,neg
318,318,203.081408,203.076171,203.082192,263.9787,262.1277,265.8183,101,101,1387916.559,neg
319,319,204.004384,204.003412,204.00527,289.42045,284.8861,295.6211,54,54,125714.4061,neg
320,320,204.065619,204.064816,204.066293,330.4859,329.7121,331.2277,101,101,481485.5595,neg
321,321,204.085068,204.084071,204.085781,263.46,262.1213,265.3119,99,99,104881.7263,neg
322,322,204.940661,204.939912,204.941172,75.0667,72.0961,76.483,98,98,301713.3905,neg
323,323,204.993812,204.992953,204.994344,78.0869,77.2114,79.0359,101,101,482074.9956,neg
324,324,204.980336,204.979411,204.98081,235.4778,227.9665,237.3225,58,58,109126.8558,neg
326,326,206.937639,206.936796,206.938247,74.76465,72.0961,76.4149,96,96,183152.0764,neg
328,328,207.013804,207.012927,207.050309,61.6545,60.5884,85.4009,101,101,364345.2313,neg
331,331,207.103235,207.100076,207.106588,260.7824,258.9938,262.8811,100,100,617833.6518,neg
334,334,208.113226,208.112588,208.113777,261.7057,260.8765,263.4003,101,101,11299750.03,neg
335,335,208.844343,208.843626,208.844984,58.2654,55.1394,59.0168,103,103,2690210.792,neg
336,336,209.065766,209.064866,209.066288,69.0545,66.3557,74.7574,94,94,3794580.716,neg
337,337,209.078176,209.069724,209.079108,374.7382,373.2913,377.3517,103,103,393827.3471,neg
338,338,209.11628,209.115629,209.11685,261.809,260.9529,263.4003,101,101,932835.4222,neg
340,340,210.841427,210.840664,210.842053,58.2603,55.7405,59.0168,103,103,3670970.472,neg
341,341,211.01266,211.011968,211.013317,111.6039,109.6069,114.3006,101,101,194060.5954,neg
343,343,212.001326,212.000665,212.001865,265.8604,259.0893,270.2093,101,101,3396806.652,neg
344,344,212.838363,212.83757,212.838998,58.4533,57.6867,59.0708,101,101,1510258.485,neg
345,345,212.97823,212.977456,212.978791,321.8534,312.8121,332.5052,103,103,567437.3885,neg
346,346,213.021656,213.021007,213.022228,379.60575,363.2687,393.5356,100,100,968199.5472,neg
348,348,213.052497,213.043143,213.070349,264.3944,261.7698,267.4793,64,64,271086.3861,neg
350,350,213.887935,213.886301,213.888713,80.2969,77.5632,83.6539,80,80,102943.2299,neg
351,351,214.143664,214.142494,214.14527,391.9901,390.7542,393.25,100,100,100020.682,neg
352,352,214.835232,214.803581,214.835959,58.7426,55.7943,59.6662,101,101,266348.1476,neg
353,353,214.894958,214.879741,214.895973,57.0415,55.6406,57.9077,99,99,153619.9787,neg
354,354,215.031982,215.031184,215.032644,57.5759,55.0651,58.1963,103,103,29167992.19,neg
355,355,215.127624,215.125298,215.128631,438.682,437.7275,439.5741,98,98,115258.0647,neg
356,356,215.169357,215.1685,215.170092,56.9723,55.8584,57.9077,101,101,141582.0842,neg
357,357,216.035064,216.034227,216.035658,57.242,54.5835,57.9127,103,103,1294281.008,neg
359,359,217.028926,217.028093,217.029555,57.2994,55.0651,57.9077,103,103,8561787.83,neg
360,360,218.031977,218.031098,218.032657,57.4196,56.684,58.3488,101,101,351687.5177,neg
361,361,218.102136,218.100481,218.105274,252.1339,250.914,253.9115,69,69,69863.22488,neg
362,362,218.872934,218.872069,218.873595,53.9366,53.0835,56.8441,103,103,1517445.151,neg
363,363,218.969931,218.961373,218.975441,25.57545,11.8606,32.9938,82,82,417635.0247,neg
365,365,218.98138,218.961251,218.995388,241.96305,234.0905,279.8594,74,66,402583.3416,neg
367,367,220.048217,220.047214,220.048969,56.7243,55.7454,58.0815,101,101,104509.6043,neg
368,368,220.869991,220.869122,220.870655,54.0285,53.1952,88.646,104,103,1460237.643,neg
369,369,221.051848,221.050982,221.052471,57.044,56.545,57.6489,101,101,3127900.897,neg
371,371,222.047445,222.046584,222.048329,356.50665,355.5748,357.5367,98,98,230397.3509,neg
372,372,222.091673,222.090823,222.093351,260.57945,259.5447,262.7281,58,58,85988.3996,neg
373,373,222.867021,222.865901,222.883551,54.3244,53.6227,59.1738,103,103,397174.0333,neg
375,375,222.888225,222.885529,222.893759,131.5815,126.0782,137.1674,55,55,83484.51208,neg
376,376,223.048723,223.04788,223.04935,57.2425,56.5795,57.9127,101,101,798259.1889,neg
377,377,223.094039,223.092577,223.094952,407.5665,406.1879,408.2671,101,101,173599.6486,neg
379,379,224.817901,224.816951,224.81901,58.1208,56.3121,59.507,96,96,103666.0133,neg
381,381,224.978549,224.977657,224.979139,78.9343,78.3242,79.6074,101,101,1500714.025,neg
382,382,224.998306,224.997349,224.998687,242.418,238.0919,245.4636,69,69,359695.7425,neg
383,383,225.042455,225.041725,225.050438,295.2243,292.3889,296.9001,101,101,499489.8449,neg
384,384,225.060507,225.059671,225.061238,54.03325,52.154,55.2453,104,104,3031641.827,neg
386,386,226.016639,225.985331,226.017522,329.019,316.946,358.5002,62,61,147451.366,neg
387,387,226.063586,226.062758,226.064253,53.7749,52.4685,55.3449,101,101,145097.2574,neg
388,388,226.187901,226.186505,226.189205,484.1614,482.7665,485.1975,76,76,78141.18626,neg
389,389,226.814942,226.814123,226.815672,58.52965,57.1365,60.113,100,100,147507.7579,neg
390,390,226.964794,226.963915,226.965362,40.726,39.9807,42.0857,103,103,929989.7643,neg
392,392,226.975492,226.974526,226.976104,78.8995,77.9934,79.4921,101,101,408468.1926,neg
393,393,227.037216,227.035849,227.037856,407.76175,386.9464,421.0191,58,58,156419.732,neg
394,394,227.127654,227.12579,227.12836,450.70755,448.1442,454.6145,72,72,91461.79808,neg
395,395,228.811965,228.811258,228.813071,57.19795,55.1741,59.3705,60,60,51793.83327,neg
396,396,228.901695,228.900707,228.90238,50.6059,49.9707,59.7218,103,103,616523.9422,neg
397,397,228.995361,228.994429,228.996028,65.4218,64.3265,66.426,99,99,200631.1174,neg
398,398,228.993075,228.992204,228.993461,495.0013,484.6054,521.54,76,76,951109.9881,neg
399,399,228.992997,228.975648,229.017264,329.7825,296.775,367.9858,116,96,740641.3903,neg
400,400,229.052853,229.052112,229.0534,422.9501,402.0167,435.2636,81,81,1652924.651,neg
401,401,229.143204,229.142222,229.14442,467.2724,464.7044,468.5082,91,91,106642.139,neg
403,403,230.011588,230.010616,230.0128,289.0363,265.466,291.8452,71,71,222995.9171,neg
404,404,230.898619,230.897682,230.899327,50.5369,49.6451,58.5892,103,103,355789.3185,neg
405,405,230.995397,230.977062,231.017241,301.0773,288.0085,304.6223,72,72,125615.1637,neg
406,406,231.08042,231.07955,231.081163,54.6979,53.3669,56.2805,101,101,410370.9321,neg
407,407,231.930542,231.929787,231.931087,928.90135,925.2438,973.6501,86,85,1008847.717,neg
408,408,231.92998,231.92972,231.930954,254.3464,239.4443,278.121,66,65,1201548.538,neg
409,409,232.057874,232.057111,232.058585,236.1582,234.6173,237.5703,100,100,325218.914,neg
412,412,232.895335,232.894486,232.914351,50.3745,49.3402,66.6029,74,74,44644.50332,neg
413,413,232.913713,232.91279,232.932176,244.5702,241.6684,249.7305,56,56,550774.1917,neg
414,414,232.996674,232.995711,232.997672,152.4045,150.1682,153.6878,63,63,72411.6595,neg
415,415,233.153187,233.151612,233.15502,532.5617,530.34,534.8665,70,70,69142.9668,neg
417,417,234.955956,234.95512,234.95903,440.0577,414.8867,440.7669,103,103,1751986.31,neg
418,418,235.007055,235.005283,235.008151,80.07385,78.7044,81.7644,96,96,56958.77883,neg
419,419,235.924374,235.924106,235.92542,245.7189,222.2089,256.697,72,71,1373479.877,neg
421,421,235.95897,235.957324,235.960558,439.5978,438.3862,440.268,99,99,103547.8489,neg
423,423,236.952871,236.952106,236.953538,440.1242,439.5741,441.0011,101,101,1134554.695,neg
424,424,236.960357,236.959473,236.961031,106.4633,104.2359,107.7775,101,101,1334686.326,neg
426,426,237.956117,237.954626,237.958345,439.4401,438.2012,440.4045,69,69,63509.20862,neg
428,428,238.930327,238.929359,238.931296,47.59945,46.7618,54.5835,102,102,323962.3866,neg
430,430,238.957382,238.95643,238.958025,106.5802,104.608,107.9535,101,101,798951.7048,neg
431,431,239.013711,239.012797,239.014901,151.91125,148.4652,154.0194,84,84,95727.12221,neg
432,432,239.058337,239.056777,239.061409,263.2852,261.2358,265.2256,95,95,114564.1561,neg
433,433,239.09125,239.090271,239.092232,461.3358,460.8722,461.823,101,101,1748990.699,neg
435,435,239.901196,239.899566,239.902256,245.04665,223.3021,247.2018,56,56,640377.2699,neg
436,436,240.094538,240.093655,240.096334,460.948,460.0417,461.7703,79,79,177394.3621,neg
438,438,240.869661,240.868441,240.869949,16.652,12.4671,31.0311,55,55,483396.8656,neg
439,439,240.92665,240.918614,240.928546,48.1457,46.6302,55.1394,77,77,88347.43108,neg
440,440,240.925813,240.90875,240.927893,423.3229,414.6869,426.8469,57,57,338321.3768,neg
441,441,240.992103,240.991322,240.993007,109.2875,107.8121,110.3067,101,101,285533.3646,neg
442,442,240.977613,240.976514,240.978469,251.4042,247.5693,255.8611,67,67,169387.9903,neg
443,443,241.068013,241.067183,241.068718,294.8101,292.3889,297.4201,99,99,273497.9878,neg
444,444,241.143119,241.142043,241.14427,470.376,469.2803,472.6665,73,73,88835.2216,neg
445,445,242.174808,242.173903,242.176587,451.003,450.0038,451.9078,99,99,133141.0608,neg
448,448,243.034888,243.033783,243.03584,295.313,292.3889,298.3641,89,89,158955.7099,neg
449,449,243.094785,243.093897,243.095774,107.6185,106.1891,109.1299,95,95,99361.48186,neg
450,450,244.089303,244.08856,244.089998,261.4503,260.5612,262.8811,101,101,930660.1688,neg
451,451,244.882316,244.878688,244.88613,47.8596,46.663,49.8334,59,59,26671.36985,neg
453,453,244.964328,244.963014,244.964967,306.76205,300.4162,312.2945,100,100,723617.5867,neg
454,454,245.094274,245.091009,245.119047,261.9688,234.5817,266.296,81,73,95961.10765,neg
455,455,245.907391,245.906662,245.908444,108.4084,106.1276,110.2277,69,69,106082.6037,neg
456,456,246.037004,246.036168,246.038209,286.8404,285.7451,287.6477,90,90,160202.0727,neg
457,457,246.086239,246.08462,246.087002,261.2157,260.094,262.8811,101,101,259682.5207,neg
458,458,246.908637,246.90792,246.909399,440.0574,439.43,440.7669,101,101,488825.1375,neg
459,459,246.96108,246.957677,246.961886,306.2166,299.8265,311.8411,89,89,200029.8931,neg
460,460,246.988477,246.987367,246.989598,108.6226,106.3857,111.1772,78,78,111512.5575,neg
461,461,247.904356,247.903378,247.905319,108.1581,106.1321,111.0003,57,57,63970.49289,neg
464,464,248.905105,248.894386,248.90634,439.8278,437.0933,441.2723,101,101,505703.1129,neg
465,465,248.959241,248.958534,248.959886,714.5275,713.0777,716.6355,72,72,7179390.018,neg
466,466,248.976933,248.975958,248.977587,63.2774,61.8323,64.4846,89,89,86424.51347,neg
467,467,248.977224,248.976136,248.978188,92.4482,91.048,94.4063,75,75,89422.40017,neg
468,468,248.983489,248.982088,248.985937,295.67085,291.6615,298.3277,70,70,91373.77161,neg
469,469,249.086427,249.084832,249.088154,263.4996,262.0643,264.9942,99,99,110280.8809,neg
470,470,249.147961,249.145395,249.149911,619.2165,607.2116,621.3107,100,100,85785.08012,neg
472,472,250.143398,250.142566,250.14402,572.2933,571.2343,572.978,101,101,365192.4693,neg
473,473,250.902037,250.894571,250.903447,439.53285,438.4333,440.5246,96,96,125270.7869,neg
475,475,251.112147,251.110908,251.112913,269.3294,268.8267,269.9963,101,101,269060.2363,neg
477,477,253.001761,253.000984,253.00258,63.38375,62.4128,64.2806,80,80,625030.0837,neg
478,478,253.001634,253.000865,253.002583,91.87125,90.7462,93.4668,64,64,656199.5871,neg
479,479,254.099384,254.098198,254.100187,325.16235,324.3503,325.9386,94,94,131067.6899,neg
480,480,254.118018,254.117299,254.118708,261.8599,260.7791,263.4003,101,101,1079443.213,neg
481,481,254.993415,254.992303,254.994674,306.5492,300.7349,312.2945,101,101,2605101.911,neg
482,482,255.085884,255.085139,255.086596,357.6575,357.1625,358.1965,101,101,944232.2613,neg
483,483,255.121166,255.119657,255.122597,261.0611,259.5123,262.7281,96,96,89606.23721,neg
484,484,255.158625,255.157827,255.16013,497.58065,492.4276,500.9344,68,68,109324.9084,neg
485,485,255.231262,255.230248,255.232232,706.5397,705.3983,707.6707,81,81,84533.36,neg
486,486,255.820528,255.819629,255.821287,110.1789,107.5305,114.6465,101,101,790112.3352,neg
488,488,255.996588,255.995216,255.997413,305.6079,299.8876,312.285,87,87,143088.4344,neg
489,489,256.017269,256.016452,256.017972,357.0245,356.1051,357.9069,101,101,315941.4709,neg
490,490,256.08907,256.088381,256.089942,356.90715,355.7662,358.1517,76,76,92888.44982,neg
493,493,256.938056,256.937173,256.938874,440.2219,439.43,441.0011,101,101,4921674.7,neg
494,494,256.992023,256.987869,256.998131,302.0416,295.1526,310.7969,64,64,90460.05874,neg
495,495,257.174295,257.173506,257.174959,513.2485,511.5533,520.6878,99,99,323626.8693,neg
496,496,257.817561,257.816614,257.818266,110.2068,105.97,115.1109,101,101,765930.7609,neg
498,498,257.94077,257.93743,257.941507,440.2319,438.9043,441.2835,101,101,279667.2915,neg
500,500,258.913894,258.913559,258.914871,244.886,243.5944,282.7337,55,54,756475.0024,neg
501,501,258.933403,258.91367,258.934894,439.89775,420.8833,441.7639,102,102,3040719.291,neg
502,502,258.942183,258.941039,258.94273,107.1778,105.304,108.4358,97,97,557416.6349,neg
503,503,259.012111,259.011286,259.012728,295.4,292.9095,296.9001,101,101,928336.3775,neg
504,504,259.128396,259.126044,259.129386,286.6275,285.7352,287.6537,93,93,120641.4821,neg
505,505,259.814397,259.813643,259.815413,110.40765,105.1032,116.8892,88,88,257287.3739,neg
506,506,259.937739,259.934724,259.939172,439.92065,439.2962,441.0964,100,100,168427.2708,neg
508,508,260.058056,260.056936,260.059583,235.16965,234.4276,236.5366,66,66,70974.90211,neg
509,509,260.939118,260.93803,260.939838,107.1183,104.7678,108.5841,101,101,331599.4844,neg
510,510,260.924425,260.91398,260.931748,438.4175,390.0857,440.7538,103,103,539749.4147,neg
511,511,260.977695,260.976644,260.9786,57.7838,55.824,58.7855,99,99,156156.4805,neg
512,512,261.039645,261.038758,261.040527,265.8405,263.8059,267.8332,98,98,202668.7808,neg
513,513,262.034162,262.033178,262.035364,356.7333,355.2942,357.8908,95,95,176577.2109,neg
514,514,262.970294,262.950518,262.97448,109.5982,106.963,114.2225,96,96,96177.95794,neg
515,515,262.974592,262.973252,262.975992,57.1365,55.1914,59.4234,83,83,67906.52691,neg
516,516,263.102192,263.101367,263.10288,291.8528,291.0091,292.3202,101,101,1166708.064,neg
517,517,264.070177,264.069135,264.071273,108.52165,106.682,111.2507,100,100,96091.72094,neg
518,518,264.105457,264.104092,264.106363,291.3244,290.2267,292.1483,86,86,122286.2405,neg
519,519,265.029041,265.028162,265.029603,295.326,293.1749,297.4201,101,101,1244367.323,neg
520,520,265.076578,265.075539,265.077255,108.1386,106.963,110.2277,101,101,1872766.607,neg
521,521,265.146427,265.14554,265.14707,604.9115,563.4203,631.1964,104,104,1573370.531,neg
523,523,266.071053,266.070254,266.071748,263.6507,262.2665,264.9828,101,101,1492612.639,neg
524,524,266.149669,266.148857,266.150634,605.0213,562.3326,631.5249,102,102,143270.4516,neg
525,525,266.802326,266.801371,266.803093,58.3793,54.5835,59.0708,103,103,2587312.904,neg
527,527,267.074615,267.072271,267.094494,262.2307,234.6957,264.4139,78,77,109306.7372,neg
528,528,267.122339,267.121501,267.123438,521.2694,520.7539,521.7165,101,101,3420715.07,neg
530,530,268.068129,268.067012,268.068821,263.5292,261.2106,265.1809,101,101,408882.2129,neg
531,531,268.125469,268.124614,268.126263,521.0795,520.4802,521.7418,101,101,372221.2982,neg
532,532,268.799433,268.798446,268.800193,58.3378,55.1394,59.0168,103,103,4581271.684,neg
534,534,268.970788,268.969762,268.971981,111.1444,108.3782,114.3006,95,95,117243.7658,neg
535,535,269.086117,269.085102,269.086808,77.151,54.0293,78.1808,102,102,748255.3359,neg
537,537,270.796388,270.795355,270.797161,58.4533,55.1394,59.2717,103,103,2623830.045,neg
540,540,271.030336,271.029348,271.031113,74.211,73.2116,75.1548,101,101,1328204.832,neg
541,541,271.068393,271.067555,271.069099,266.8957,265.3041,268.5822,101,101,899304.8785,neg
542,542,271.226277,271.225422,271.226974,662.5617,659.7947,663.4868,101,101,316687.0647,neg
544,544,272.033368,272.032235,272.034565,74.1661,72.5204,75.963,83,83,75635.84705,neg
545,545,272.052585,272.05141,272.054246,329.9361,328.9314,331.5063,83,83,91510.81875,neg
546,546,272.793295,272.792193,272.794016,58.6562,57.9626,59.5414,101,101,712313.606,neg
547,547,272.936899,272.926812,272.938798,104.7286,76.4265,107.7775,64,64,57709.31757,neg
548,548,272.989602,272.957976,272.990421,58.51545,43.2691,59.284,102,102,490619.1684,neg
549,549,274.143117,274.142374,274.144007,600.3227,598.5684,601.3107,70,70,199793.5218,neg
550,550,274.790397,274.788927,274.791679,57.5231,54.4409,59.9318,89,89,72630.75491,neg
551,551,274.985411,274.984082,274.98706,58.25575,57.1624,60.0415,98,98,332039.6368,neg
552,552,274.98353,274.982373,274.98406,92.83625,91.3543,93.6877,80,80,273466.249,neg
553,553,274.983817,274.983502,274.984884,295.6514,292.6577,297.096,58,58,306256.5646,neg
554,554,275.092056,275.087662,275.093847,263.2863,260.2465,265.5026,101,101,335918.4983,neg
556,556,275.166901,275.166072,275.167747,644.4217,580.7441,683.1352,105,105,227857.9996,neg
558,558,276.099894,276.099091,276.100639,263.4135,262.1213,264.8447,101,101,6262983.051,neg
559,559,276.830985,276.829863,276.831771,53.1623,52.4685,56.2093,103,103,795546.4892,neg
560,560,277.06529,277.063899,277.066158,374.4584,373.4466,375.3503,97,97,153344.8072,neg
561,561,277.103006,277.102166,277.103645,263.8479,262.4679,265.7339,101,101,632332.2782,neg
562,562,278.050485,278.04948,278.051902,235.2391,234.0509,237.2362,57,57,64235.44553,neg
563,563,278.828083,278.826917,278.828895,53.0987,52.4685,56.2093,103,103,1046922.668,neg
564,564,279.009687,279.005814,279.010925,57.3295,55.2915,58.6191,62,62,39177.33665,neg
565,565,279.037235,279.036201,279.038002,116.4831,115.1133,118.38,101,101,445765.8674,neg
566,566,279.231361,279.230316,279.232037,687.6108,685.7277,688.3792,101,101,270184.701,neg
567,567,279.988057,279.987127,279.988742,269.33245,255.4071,273.108,72,72,178333.6702,neg
568,568,280.825052,280.82382,280.825755,53.3304,52.553,54.2847,101,101,446308.6906,neg
569,569,281.034446,281.033377,281.035475,116.4025,114.2915,117.8321,101,101,122526.4155,neg
570,570,281.099054,281.097979,281.101795,295.6219,293.4196,297.7574,101,101,715483.3782,neg
571,571,281.246892,281.245998,281.247704,715.8865,714.7392,717.239,100,100,524236.0456,neg
572,572,281.884153,281.883077,281.885135,106.97285,105.2145,108.5841,100,100,349159.7674,neg
573,573,282.249887,282.249155,282.251024,715.5535,714.2057,716.7635,59,59,104408.2142,neg
574,574,282.775923,282.774842,282.777036,58.606,57.0534,60.6945,99,99,125899.4774,neg
575,575,282.936502,282.935278,282.937242,78.7592,78.1881,79.6074,101,101,415827.0737,neg
576,576,283.065238,283.064193,283.066026,60.9522,60.1568,61.8271,101,101,621135.9202,neg
577,577,283.107029,283.105728,283.10782,712.8524,711.7106,714.0023,87,87,160653.0347,neg
578,578,283.101751,283.10082,283.102484,149.80945,147.0303,151.0085,82,82,157840.807,neg
579,579,283.881126,283.880122,283.881962,106.90215,105.304,108.5841,100,100,324766.5286,neg
580,580,284.773014,284.771959,284.774021,59.368,57.9697,60.8481,101,101,240194.428,neg
581,581,284.937467,284.936573,284.938439,439.881,439.2962,440.7643,101,101,629039.0468,neg
582,582,284.933517,284.93246,284.934254,78.8888,78.1443,79.6567,101,101,252151.2594,neg
583,583,285.124442,285.122904,285.125795,517.2775,498.3632,539.5562,67,67,90515.50677,neg
584,584,285.877766,285.876666,285.87895,106.9831,105.3155,109.1299,66,66,112499.6617,neg
586,586,285.90625,285.905871,285.907543,245.0945,223.3021,256.1675,67,66,812486.718,neg
587,587,286.770123,286.768853,286.770982,58.9766,57.1624,60.8039,99,99,138145.3292,neg
588,588,286.85972,286.858486,286.860808,50.34515,49.5445,54.5835,102,102,372101.5839,neg
589,589,286.940327,286.935082,286.968536,439.2949,416.5358,440.2886,101,101,510028.6135,neg
591,591,286.967676,286.966621,286.968634,18.55275,11.5061,32.4237,56,56,274343.1156,neg
592,592,287.05819,287.057042,287.059039,108.7348,106.963,110.2277,101,101,206129.926,neg
593,593,288.775797,288.774689,288.776951,61.5097,59.4234,64.2147,96,96,148427.3455,neg
594,594,288.856771,288.855397,288.857689,50.326,49.5865,51.0943,101,101,350532.3592,neg
595,595,289.070021,289.065516,289.071465,107.82135,96.3584,117.6556,96,96,130325.4353,neg
597,597,290.853857,290.852402,290.854896,50.3755,49.6204,51.0943,101,101,93927.68296,neg
599,599,291.106895,291.105278,291.134095,292.7329,266.354,296.7985,67,64,189747.4072,neg
600,600,292.138428,292.137489,292.139698,197.4968,194.8475,202.1226,96,96,202594.3954,neg
601,601,293.173918,293.172827,293.176293,487.1831,485.609,487.8648,101,101,162802.7164,neg
602,602,293.173881,293.172632,293.176614,530.8066,529.7349,532.3249,56,56,61524.71061,neg
603,603,293.177,293.176408,293.178191,681.6324,650.2005,716.3696,73,72,568762.2439,neg
604,604,294.027612,294.02626,294.028635,235.6419,233.9071,237.0184,100,100,138404.8516,neg
605,605,294.80383,294.801322,294.80599,51.83925,50.5802,53.7501,86,86,51939.33469,neg
606,606,294.918399,294.917265,294.919265,106.068,103.4974,107.923,101,101,233210.0457,neg
607,607,294.951492,294.950383,294.952302,41.2156,40.1909,42.9875,103,103,335811.5957,neg
609,609,295.137991,295.13702,295.138716,283.6676,282.9843,284.2753,101,101,346308.7695,neg
610,610,295.226071,295.225189,295.226911,600.4109,589.0006,601.3694,101,101,993320.6158,neg
611,611,296.229237,296.22847,296.230117,600.3986,594.5074,602.3708,91,91,139570.2773,neg
612,612,296.888363,296.886982,296.889256,49.00405,48.4236,54.0293,102,102,186206.7584,neg
613,613,296.915333,296.91423,296.916125,106.0258,102.942,108.2969,101,101,229452.768,neg
614,614,297.122968,297.121462,297.138236,713.26895,710.2625,714.8128,80,80,92644.29013,neg
615,615,297.151364,297.150406,297.152089,612.1724,554.3868,641.713,105,105,5783981.663,neg
616,616,297.241753,297.240901,297.242589,601.4798,600.0546,602.3867,101,101,2841972.473,neg
617,617,298.154409,298.153361,298.155359,608.4462,555.4395,641.713,110,105,783007.3417,neg
618,618,298.244965,298.244034,298.245783,601.48825,599.2384,602.5479,100,100,449939.6089,neg
620,620,298.879963,298.859833,298.883105,50.7,49.6451,68.6982,100,100,142587.0088,neg
621,621,299.01891,299.017801,299.019974,306.5547,300.2259,312.2945,80,80,130258.6454,neg
622,622,299.147074,299.14602,299.148058,613.2108,555.4395,641.4561,102,102,162769.8774,neg
624,624,300.044771,300.042088,300.045398,235.67875,234.117,237.2362,88,88,134892.5022,neg
626,626,300.900482,300.899363,300.901479,422.6533,416.9126,426.4673,56,56,421500.4516,neg
627,627,300.900542,300.88157,300.900977,323.8492,313.9978,372.0652,53,53,651046.0744,neg
628,628,300.963356,300.959885,300.964689,439.8878,438.3862,441.5049,96,96,147849.139,neg
629,629,300.986037,300.984135,300.989157,305.04115,298.949,311.8411,62,62,85261.8059,neg
630,630,301.105855,301.104614,301.106692,107.134,105.6101,108.5083,101,101,308842.2619,neg
631,631,302.930271,302.921148,302.949374,439.7228,438.3862,440.7669,93,93,103762.6551,neg
632,632,303.197474,303.197056,303.198899,744.1019,701.6361,780.2805,56,56,106103.3042,neg
633,633,303.230749,303.23014,303.231952,682.901,682.1289,683.7501,81,81,161011.3054,neg
634,634,304.100025,304.098964,304.100933,262.8948,261.4881,265.5026,101,101,321915.1028,neg
637,637,306.917462,306.916125,306.935877,46.1545,11.1784,47.0992,97,97,133961.0822,neg
638,638,307.078028,307.076463,307.079527,461.10425,459.9026,461.823,98,98,213736.7694,neg
639,639,309.039565,309.0385,309.040902,109.0633,107.179,111.9063,97,97,80087.86107,neg
640,640,309.168395,309.166679,309.170983,483.0779,481.5769,483.9802,65,65,70131.62523,neg
641,641,309.171321,309.169078,309.191875,626.1285,571.3514,659.6834,105,105,402004.28,neg
642,642,309.204892,309.203647,309.206025,506.3883,505.6617,507.2534,87,87,179216.1575,neg
643,643,309.204713,309.202665,309.206043,572.3927,570.0658,576.4974,82,82,344169.3045,neg
644,644,309.999565,309.999151,310.001682,236.29375,234.6219,237.6646,74,74,178410.4722,neg
646,646,310.960031,310.958864,310.96087,63.2601,62.1887,64.7672,95,95,181956.0359,neg
647,647,310.959982,310.95891,310.960895,92.01335,90.7588,93.5746,56,56,189187.3032,neg
648,648,311.021453,311.018723,311.022971,295.3518,292.9084,297.9717,73,73,105873.2163,neg
650,650,311.220768,311.219784,311.221614,525.7,523.9569,529.6862,101,101,688550.7919,neg
651,651,311.220913,311.219787,311.247413,590.6666,586.5459,617.2695,106,102,770319.572,neg
652,652,311.999695,311.998779,312.001189,235.38035,234.0659,236.7289,54,54,63166.25045,neg
653,653,312.224134,312.222829,312.225316,590.311,589.0544,591.0919,94,94,108588.1415,neg
654,654,312.956753,312.955987,312.957787,63.03105,61.771,64.1963,78,78,108910.7555,neg
655,655,312.951399,312.94902,312.953752,305.1961,299.8265,311.8411,68,68,119083.6514,neg
656,656,313.116951,313.116272,313.118715,425.0073,423.4867,427.0607,57,57,258167.596,neg
657,657,313.236373,313.235422,313.237195,523.5236,521.8933,555.7747,102,102,1683766.367,neg
658,658,314.23959,314.238605,314.24061,523.9518,521.2287,528.7293,85,85,229105.265,neg
659,659,314.896008,314.894262,314.898868,439.8218,438.17,441.0964,95,95,102421.0347,neg
660,660,315.25178,315.25085,315.253018,568.50265,562.4117,572.3764,86,86,258478.6402,neg
662,662,315.83078,315.830378,315.832055,129.2763,125.4934,133.9074,67,67,285460.5819,neg
664,664,316.891325,316.87173,316.895157,439.7288,416.077,440.9043,95,95,119823.1826,neg
665,665,316.900204,316.898764,316.901153,106.6781,104.608,108.1391,99,99,180973.0943,neg
666,666,316.946146,316.945113,316.946832,714.6208,713.0777,716.6355,64,64,3454920.935,neg
667,667,316.963782,316.961867,316.966804,305.82825,300.1861,312.4436,96,96,370052.6945,neg
668,668,317.111878,317.111,317.114521,367.59575,365.7399,369.9201,62,62,159107.2497,neg
671,671,318.897217,318.895995,318.898219,106.5748,103.6836,108.394,92,92,177092.8629,neg
672,672,318.907047,318.90552,318.908292,440.4131,439.5751,441.2835,101,101,466241.3617,neg
673,673,318.91608,318.905147,318.937465,78.48,54.781,106.4537,101,101,131933.9112,neg
676,676,320.903504,320.883311,320.905197,440.02025,397.6753,441.0964,102,102,327906.1861,neg
677,677,320.910254,320.90864,320.931838,78.2018,57.188,79.5746,78,78,114637.385,neg
678,678,321.145183,321.144132,321.146047,512.5117,504.0827,525.6914,97,97,443920.416,neg
679,679,321.172969,321.171124,321.182207,624.2387,586.7143,663.6614,71,71,128630.5139,neg
680,680,322.092276,322.091284,322.093338,266.42275,263.2974,269.9543,94,94,222103.681,neg
682,682,322.980861,322.97896,322.984572,306.1193,299.8876,312.2945,101,101,622881.0635,neg
683,683,323.034561,323.033291,323.03552,108.1581,106.7211,109.6611,101,101,445262.8408,neg
684,684,323.072647,323.071635,323.0806,357.1441,356.2278,357.9781,87,87,164645.6648,neg
685,685,323.160672,323.15804,323.161964,531.75045,522.6973,540.4284,76,76,67117.6436,neg
687,687,323.220317,323.219518,323.222164,595.13385,592.5251,597.5621,56,56,63313.93747,neg
688,688,324.00399,324.003081,324.005002,357.4103,355.5837,358.8056,97,97,237171.247,neg
689,689,324.760311,324.75908,324.761261,59.1641,58.1242,60.113,101,101,673759.5309,neg
692,692,324.924461,324.922993,324.925495,440.6716,439.874,441.7798,101,101,1121148.241,neg
693,693,325.031729,325.03045,325.03278,108.0523,106.174,109.6611,99,99,122443.0543,neg
694,694,325.182501,325.181657,325.18339,677.3554,650.8607,701.5455,53,53,22118275.75,neg
695,695,325.236632,325.234571,325.268588,611.4609,603.4724,654.9749,77,73,64073.30694,neg
696,696,325.26664,325.235314,325.268569,688.07765,661.8885,722.3298,68,65,110227.7848,neg
698,698,325.927617,325.91982,325.928822,439.8867,438.7782,441.8428,74,74,62650.4021,neg
699,699,326.122522,326.121208,326.123498,244.6662,243.5096,245.9576,93,93,134150.0423,neg
700,700,326.185569,326.184735,326.186459,677.1935,649.6862,701.5455,54,54,3078241.193,neg
701,701,326.757391,326.756165,326.75833,59.1332,58.1218,60.0122,101,101,1381826.394,neg
702,702,326.918744,326.900251,326.92131,439.92965,391.6141,441.2723,104,103,819190.5529,neg
704,704,326.999013,326.997931,326.999825,295.3211,293.4196,297.4201,101,101,619541.3414,neg
705,705,327.231511,327.229701,327.242378,678.9487,676.1942,680.31,71,71,156084.6516,neg
706,706,327.258731,327.250805,327.289127,715.8443,714.2861,718.4268,97,97,127707.7037,neg
707,707,328.041573,328.039603,328.043933,266.7308,262.1407,269.903,67,67,163599.3377,neg
708,708,328.754434,328.753148,328.755343,59.0504,58.4519,60.1803,101,101,1088569.794,neg
710,710,328.902125,328.900397,328.919537,423.5673,373.6273,441.636,94,93,443918.6757,neg
711,711,329.059842,329.058386,329.061043,460.9704,460.1936,461.8534,73,73,119280.9237,neg
712,712,329.231247,329.229932,329.23224,471.33175,469.4929,473.6899,80,80,108507.0839,neg
713,713,330.751441,330.750159,330.752378,59.2396,58.0773,60.1803,101,101,433382.2025,neg
715,715,330.947745,330.946538,330.948762,59.5641,58.7253,60.739,101,101,424926.3433,neg
716,716,331.089163,331.08705,331.089994,291.30375,290.4467,291.9448,88,88,162215.368,neg
717,717,332.748461,332.747067,332.75014,58.04725,56.202,60.0664,90,90,67062.7756,neg
718,718,332.943872,332.920302,332.945358,59.71575,47.8972,60.6945,104,104,451243.7062,neg
719,719,332.941845,332.940372,332.943326,91.9133,90.2132,93.0993,84,84,201404.1023,neg
720,720,333.015892,333.014725,333.017175,295.3888,292.9095,297.4167,101,101,571212.9448,neg
721,721,333.038618,333.037262,333.040442,266.90415,264.0782,269.521,72,72,88766.83411,neg
722,722,333.133021,333.131979,333.13412,604.9621,569.1473,632.8975,93,93,106014.2437,neg
723,723,333.202957,333.201461,333.204997,590.1899,588.4944,591.6203,100,100,176052.0043,neg
724,724,333.218115,333.216873,333.218924,625.7008,624.0019,626.9797,100,100,186410.6945,neg
725,725,334.057968,334.056885,334.058759,270.4273,267.2748,272.2178,101,101,664483.3376,neg
726,726,334.789025,334.787737,334.790031,55.4463,54.625,56.4489,101,101,403938.3353,neg
729,729,334.880201,334.87858,334.886506,439.8331,437.5247,441.0964,69,69,164545.5738,neg
730,730,334.940077,334.938378,334.941391,60.9818,59.0168,62.4029,101,101,185166.1539,neg
731,731,334.938765,334.937285,334.93992,91.7535,89.934,92.9052,69,69,134521.9853,neg
732,732,335.04731,335.045934,335.048201,79.0959,78.4697,79.6756,101,101,1641280.541,neg
733,733,335.109062,335.107874,335.109999,521.2854,520.6951,521.8073,101,101,513591.121,neg
734,734,335.22043,335.219374,335.221458,536.61075,533.8636,539.9365,74,74,238822.9919,neg
736,736,335.888248,335.887801,335.88976,244.5839,224.4053,282.6231,70,69,1279643.303,neg
737,737,336.050662,336.048931,336.063974,79.201,77.9105,82.5817,94,94,122291.3993,neg
738,738,336.786121,336.784784,336.78714,55.4331,54.3259,56.4489,101,101,687052.5294,neg
740,740,336.879262,336.873457,336.884215,439.90135,437.9809,441.5971,90,90,74314.26593,neg
741,741,336.965802,336.95884,336.969293,57.9021,55.8854,59.7035,82,82,47630.32975,neg
742,742,337.140021,337.138844,337.141216,465.375,453.1371,475.1975,99,99,214143.7373,neg
743,743,338.069674,338.068653,338.070591,265.7034,263.6874,267.5411,101,101,877516.1326,neg
744,744,338.783026,338.781756,338.784101,55.4816,54.6555,56.3649,101,101,425478.5705,neg
746,746,338.876321,338.871043,338.879601,439.7125,437.9809,441.2835,71,71,60153.01262,neg
747,747,338.965075,338.96313,338.967523,57.6181,55.4463,59.479,75,75,44642.40105,neg
748,748,339.05654,339.054915,339.060192,268.09845,264.7791,269.5271,92,92,258182.5644,neg
749,749,339.050399,339.047431,339.052126,303.44855,297.8332,309.7556,82,82,315414.4487,neg
750,750,339.076127,339.074899,339.077364,105.2234,100.9554,107.5433,89,89,106325.8778,neg
751,751,339.163835,339.162777,339.164699,295.7781,295.1097,296.5689,101,101,335339.4159,neg
752,752,339.197388,339.196993,339.198552,731.8641,698.7625,767.5173,61,61,13962685.94,neg
753,753,339.229578,339.22166,339.231433,660.41225,656.5732,661.8458,70,70,143469.7818,neg
754,754,339.252221,339.250533,339.257288,710.12735,708.6008,711.9735,100,100,178473.9242,neg
755,755,339.251677,339.250705,339.289439,626.7758,625.0279,653.7897,70,70,108653.0158,neg
756,756,340.20051,340.200132,340.201699,732.2327,699.8393,767.5173,61,61,2100484.071,neg
757,757,340.780148,340.7786,340.781408,54.699,53.4054,56.5998,101,101,104934.5211,neg
758,758,340.894521,340.893314,340.895662,78.3069,77.5924,79.2478,101,101,292376.1658,neg
759,759,340.976537,340.97528,340.977819,57.4157,56.1949,58.7366,101,101,173275.6927,neg
760,760,341.193304,341.192689,341.194515,730.7629,698.7625,767.5173,61,61,420725.2354,neg
761,761,342.731247,342.730036,342.732573,58.85885,56.6148,61.0071,98,98,109687.9367,neg
762,762,342.891671,342.890357,342.892543,78.3401,77.4185,79.254,101,101,276861.3296,neg
763,763,342.973765,342.972162,342.974469,56.9819,55.6544,58.1218,70,70,98316.08956,neg
764,764,343.06875,343.067197,343.070736,296.3572,293.9008,298.7055,61,61,109842.0291,neg
765,765,344.086581,344.085654,344.0876,268.3906,265.2739,269.9543,101,101,1935517.353,neg
766,766,344.728348,344.726693,344.729423,58.7335,55.7175,60.876,96,96,85408.72254,neg
767,767,344.817871,344.816275,344.818787,51.1319,50.0542,52.3348,101,101,186074.6013,neg
768,768,344.888705,344.886921,344.889859,78.6378,77.4697,80.2394,91,91,62256.14621,neg
769,769,345.016347,345.015008,345.017375,108.1286,105.8417,110.2277,101,101,194441.4819,neg
770,770,345.090207,345.088813,345.091196,268.1589,262.8745,271.4349,70,70,199073.4651,neg
771,771,346.814931,346.813179,346.815961,51.1935,50.5982,52.4973,101,101,247793.7618,neg
772,772,347.013349,347.006728,347.014878,108.04155,106.174,110.3489,68,68,42994.90718,neg
773,773,348.811858,348.810396,348.813097,51.0537,50.2968,52.2155,101,101,104471.5638,neg
774,774,349.081511,349.064882,349.088824,297.2698,294.2215,308.722,98,98,314747.9166,neg
775,775,349.233588,349.232497,349.249166,715.77055,714.4327,719.6263,62,62,84242.67773,neg
776,776,350.207742,350.20628,350.209062,563.05695,562.2782,564.208,100,100,94952.53998,neg
777,777,351.001869,351.000487,351.003294,439.5525,438.3493,441.1367,83,83,131289.4346,neg
778,778,352.083737,352.082449,352.084841,394.3182,379.199,404.6456,59,59,193372.2098,neg
779,779,352.76214,352.760093,352.765212,53.4783,51.7926,54.8136,57,57,46845.36442,neg
780,780,353.198144,353.196876,353.199652,637.4134,582.324,670.8947,105,105,202835.5188,neg
781,781,354.041364,354.041006,354.042852,264.86925,261.2399,270.0213,66,66,404553.2932,neg
782,782,354.846447,354.844899,354.84768,49.7243,49.0755,50.4816,101,101,110965.4845,neg
783,783,355.246304,355.245411,355.247913,603.9265,601.9922,605.8139,77,77,76496.09742,neg
784,784,356.041669,356.040964,356.043496,265.4998,262.9664,269.9481,61,61,177642.0372,neg
785,785,356.839229,356.834704,356.843241,51.1329,49.6451,52.7361,101,101,127051.2594,neg
787,787,357.028988,357.027392,357.029983,79.47665,78.6239,80.2238,100,100,131548.6237,neg
788,788,357.090897,357.089637,357.092019,521.0971,520.5358,521.8073,101,101,268408.8761,neg
789,789,358.257463,358.256335,358.258645,483.5772,480.8341,485.6826,79,79,409616.3348,neg
790,790,358.821215,358.813847,358.841687,61.6726,48.4575,68.1985,75,75,98545.73629,neg
791,791,361.203352,361.201999,361.204114,610.3408,609.5949,610.9737,72,72,433023.4654,neg
792,792,362.014729,362.013102,362.015853,235.927,234.4822,237.4012,98,98,158622.7808,neg
793,793,362.938272,362.937043,362.939566,42.6008,41.3144,44.1392,103,103,258397.8815,neg
794,794,362.938733,362.913562,362.93947,422.1513,392.6343,440.7334,65,65,688094.7973,neg
795,795,363.124654,363.123264,363.126095,283.033,281.4527,284.2753,55,55,78342.30267,neg
796,796,363.251607,363.2505,363.252797,624.1105,622.3555,627.0196,91,91,192296.8869,neg
797,797,364.875151,364.873871,364.876919,47.9044,46.8807,48.935,101,101,65423.7,neg
798,798,365.111732,365.109933,365.11265,112.21675,110.7496,113.3334,80,80,71442.36626,neg
799,799,365.133191,365.117228,365.13485,262.1466,229.9784,263.4612,93,93,88213.80502,neg
800,800,365.137918,365.136864,365.139182,609.0843,554.3868,642.2777,109,105,637211.1543,neg
801,801,365.228659,365.227441,365.229622,602.0337,600.3025,602.8244,101,101,644001.0965,neg
802,802,365.267183,365.266246,365.268347,641.4829,640.1104,642.7776,99,99,295075.1153,neg
804,804,366.231914,366.230626,366.233244,601.7777,600.0549,603.1324,80,80,100589.9816,neg
805,805,366.87192,366.870472,366.874397,47.8289,46.9605,48.8323,66,66,41951.96722,neg
806,806,366.850447,366.848489,366.852433,446.5315,431.9844,465.3815,59,59,72650.81939,neg
807,807,366.99808,366.995881,366.999513,108.71625,106.9172,110.625,66,66,35243.79889,neg
808,808,367.054573,367.052675,367.055693,448.5795,431.9844,465.8509,83,83,98814.12469,neg
809,809,367.156298,367.155157,367.157404,452.742,433.5411,466.629,101,101,22115555.92,neg
810,810,367.225147,367.201104,367.229425,621.7108,596.5289,643.7745,80,80,78424.08235,neg
811,811,367.261672,367.254299,367.262879,686.6131,683.3111,687.4982,101,101,550831.6519,neg
812,812,368.031748,368.027472,368.033741,235.5605,233.9389,237.4012,81,81,80679.43059,neg
813,813,368.159467,368.158375,368.160646,453.141,433.0159,466.4174,101,101,3645775.466,neg
814,814,368.265108,368.263734,368.266666,686.1325,684.8576,687.3233,92,92,134286.7763,neg
816,816,368.887612,368.886053,368.88831,421.9886,382.4002,436.8195,65,65,389842.1644,neg
818,818,369.012597,369.010975,369.015091,439.6413,437.9809,441.0644,80,80,60151.86457,neg
819,819,369.170872,369.151965,369.172802,465.9586,421.2754,503.8174,204,101,793733.9498,neg
820,820,370.164392,370.163336,370.165437,261.4255,260.6238,262.6568,101,101,701167.6681,neg
821,821,370.174995,370.155645,370.176084,486.0069,430.1357,503.9279,104,101,1698594.162,neg
822,822,370.917689,370.914505,370.921626,439.8924,438.231,441.5422,97,97,90672.84785,neg
823,823,371.176716,371.167876,371.195736,489.5843,466.6493,537.2391,103,101,530095.5794,neg
825,825,372.899514,372.898081,372.916874,422.26855,392.6343,440.9397,72,72,572360.7508,neg
826,826,374.252151,374.251137,374.253524,432.4314,431.3513,433.8356,55,55,93990.50479,neg
827,827,374.858526,374.857171,374.859866,103.43805,100.3773,106.8614,92,92,102002.856,neg
829,829,376.223451,376.221879,376.224496,579.4666,578.7298,580.5169,101,101,189807.4169,neg
830,830,376.855565,376.854032,376.856642,103.8887,100.1495,106.8614,99,99,141220.7421,neg
831,831,377.198181,377.196917,377.199212,612.5257,611.9507,613.2056,79,79,3991262.772,neg
832,832,378.220113,378.200621,378.240119,613.07565,611.9507,614.1898,88,88,597222.1782,neg
834,834,378.916328,378.906885,378.916874,422.1828,393.1492,439.5304,53,53,2358295.214,neg
835,835,379.15418,379.152549,379.196334,612.6408,580.2023,646.6122,104,92,1463266.368,neg
836,836,379.207589,379.206243,379.208922,525.917,523.5285,529.2649,59,59,116809.614,neg
837,837,380.157426,380.155899,380.158091,622.1274,579.6756,646.159,68,68,329541.6474,neg
838,838,380.904962,380.896874,380.90833,438.8715,437.5845,440.326,79,79,54202.34185,neg
839,839,380.99287,380.991363,380.994201,107.8276,105.2517,109.1299,100,100,120134.8598,neg
840,840,381.223454,381.222098,381.224692,523.9251,522.1262,529.0611,100,100,317638.3123,neg
841,841,381.244475,381.228137,381.257174,733.6814,707.0687,782.8614,69,63,119655.4487,neg
842,842,382.718635,382.716957,382.719745,59.181,58.0773,60.2627,101,101,316524.7964,neg
843,843,382.884816,382.88031,382.902978,439.63275,437.8388,442.01,78,78,70803.43523,neg
844,844,382.9899,382.988166,382.991279,107.6185,105.2145,109.5677,97,97,61639.8117,neg
845,845,383.150917,383.149695,383.151939,398.5493,387.4676,405.7844,101,101,742038.5866,neg
846,846,383.189852,383.188577,383.190866,306.543,305.6417,307.2005,101,101,317306.156,neg
847,847,383.2207,383.219028,383.224609,571.66175,558.5849,572.9637,104,104,122578.5215,neg
848,848,383.277795,383.276345,383.278951,703.8806,702.5911,705.1135,101,101,168839.8782,neg
849,849,384.15425,384.152891,384.1559,397.318,386.8936,405.4736,79,79,109652.2512,neg
850,850,384.715634,384.714048,384.716704,58.9677,58.0773,60.1803,101,101,812587.6443,neg
852,852,384.878043,384.858397,384.883088,439.6744,410.1346,443.8693,76,76,80284.66384,neg
854,854,385.166558,385.165395,385.167632,371.6459,362.7596,377.7611,101,101,517335.958,neg
855,855,385.714255,385.712941,385.715957,56.50545,54.7889,58.2596,90,90,71614.32808,neg
857,857,386.712701,386.711149,386.713716,58.9504,58.0773,59.7522,101,101,788110.1087,neg
858,858,386.894462,386.893044,386.895387,440.694,439.6828,441.7976,101,101,421132.7522,neg
859,859,387.182045,387.180998,387.183263,424.2711,410.4398,446.1717,81,81,328863.1089,neg
860,860,387.997896,387.996076,387.999462,356.88365,355.1042,359.0509,82,82,94030.87591,neg
861,861,388.709755,388.708204,388.710843,59.1641,57.8918,60.1432,101,101,378434.6297,neg
862,862,388.890386,388.854008,388.892428,440.28445,398.705,441.807,102,101,274146.691,neg
863,863,388.905219,388.90011,388.906961,59.0903,57.5678,60.4855,67,67,100300.2683,neg
864,864,390.707131,390.705183,390.709318,58.0625,56.5,60.1803,89,89,84665.35252,neg
865,865,390.901429,390.899657,390.90307,60.9978,59.5798,62.9048,101,101,234184.5,neg
866,866,390.899741,390.89844,390.901559,91.6782,90.1963,92.6751,56,56,124141.0852,neg
867,867,390.967139,390.965543,390.970036,306.2693,300.744,312.3499,89,89,218462.6417,neg
868,868,391.28568,391.284775,391.287043,725.3357,714.4623,729.0273,81,81,1157996.694,neg
869,869,391.991459,391.989364,391.992416,357.68265,355.4788,359.5846,76,76,123393.6091,neg
870,870,392.288082,392.28624,392.289391,667.43115,662.863,671.9933,60,60,183191.3538,neg
871,871,392.747349,392.745601,392.748727,55.4887,53.0231,56.8131,101,101,178380.8221,neg
873,873,392.897754,392.895879,392.899291,62.4173,60.4222,64.7046,101,101,174637.1417,neg
874,874,392.897395,392.895497,392.898263,91.46675,90.5688,92.6342,56,56,107372.2677,neg
875,875,392.91131,392.909588,392.912523,440.8575,439.43,442.2947,101,101,531877.9993,neg
876,876,393.298192,393.296707,393.300222,675.3683,673.5292,677.1887,65,65,78154.52312,neg
878,878,394.744364,394.742706,394.745681,55.6655,54.3474,56.8131,101,101,392088.2593,neg
880,880,394.905073,394.887035,394.908678,439.8927,396.6279,441.7976,102,102,378781.0565,neg
881,881,394.986115,394.984588,394.986912,295.4657,292.8892,297.8292,100,100,309768.9277,neg
882,882,395.044356,395.043651,395.04602,260.8652,260.2343,262.2517,67,67,222252.767,neg
883,883,395.160441,395.158946,395.162013,402.33905,401.5221,434.6886,68,66,67273.66987,neg
884,884,395.187341,395.185993,395.189454,504.1943,478.1057,522.4551,99,99,229128.825,neg
885,885,396.741365,396.739987,396.742423,55.6766,54.3259,56.9723,101,101,305506.167,neg
887,887,396.888707,396.887137,396.903753,422.6522,393.1492,438.9482,71,71,313496.3245,neg
888,888,397.000696,396.999137,397.001815,305.2288,299.3739,311.2468,93,93,511635.2318,neg
889,889,397.175814,397.156557,397.177142,414.1998,402.7946,434.3843,83,82,144246.6505,neg
890,890,397.220232,397.219101,397.224389,560.0561,558.6758,586.5459,73,73,78767.51536,neg
891,891,397.202829,397.20146,397.203899,486.3928,463.5278,499.7622,101,101,1683846.39,neg
892,892,397.366175,397.364881,397.367109,738.8498,737.6836,739.6773,101,101,401735.9659,neg
893,893,398.206186,398.204972,398.207465,485.8785,463.0011,499.7622,101,101,312094.1232,neg
894,894,398.369405,398.367965,398.370468,738.0826,736.879,739.4786,90,90,92828.39732,neg
895,895,398.738144,398.735661,398.739819,54.7374,52.9053,56.2783,101,101,100422.1747,neg
896,896,398.85289,398.85125,398.853961,78.0702,77.2792,79.231,101,101,168756.7506,neg
897,897,398.933745,398.932589,398.936866,482.20535,460.9294,492.8336,86,86,282962.647,neg
899,899,399.272524,399.270209,399.274478,599.13415,597.7061,601.0448,94,94,103506.1354,neg
900,900,400.689186,400.68776,400.691313,58.1963,55.9728,59.8836,69,69,66145.87684,neg
901,901,400.849985,400.848392,400.850975,78.0702,77.4185,79.0408,101,101,221794.7256,neg
902,902,400.889818,400.888224,400.8911,439.3723,438.8435,439.8392,101,101,810380.3294,neg
903,903,401.003346,401.001234,401.009748,295.9344,293.6352,298.4984,91,91,179505.4048,neg
904,904,401.893226,401.891483,401.895224,439.2052,438.3351,439.7685,97,97,96016.79121,neg
905,905,402.045084,402.043719,402.04632,273.8672,271.0092,276.1091,54,54,130307.4459,neg
906,906,402.686337,402.684676,402.688191,58.0733,56.0612,60.57,67,67,63275.69253,neg
907,907,402.775958,402.774054,402.778235,51.1341,50.2968,51.8588,101,101,85855.5615,neg
908,908,402.846967,402.84534,402.848771,78.44,76.7288,80.0362,101,101,85423.39356,neg
909,909,402.886827,402.882546,402.887957,439.3816,438.9043,439.8984,101,101,1038090.405,neg
911,911,402.974515,402.97298,402.976012,107.7024,106.3797,109.1299,100,100,171201.7237,neg
912,912,403.261352,403.260225,403.263403,702.8136,700.8459,704.9485,89,89,57875.71076,neg
913,913,403.889516,403.885232,403.891068,439.2195,437.6354,440.1453,99,99,135994.8486,neg
914,914,404.773149,404.771474,404.774633,51.2523,50.5799,52.2155,101,101,149112.6506,neg
915,915,404.883602,404.876806,404.884827,439.3854,438.9016,440.2511,101,101,486866.6354,neg
917,917,404.971572,404.969956,404.972966,107.7806,105.8417,110.2277,98,98,95457.20597,neg
918,918,405.189269,405.173108,405.190624,402.5398,384.1404,403.2828,87,87,143137.0565,neg
919,919,405.887043,405.883059,405.888605,439.1475,437.9631,440.0574,87,87,56070.85278,neg
920,920,406.056828,406.055358,406.05785,271.589,268.2847,273.4555,98,98,470499.6597,neg
921,921,406.140897,406.139646,406.142144,261.0327,260.1868,262.2883,101,101,366659.5873,neg
922,922,406.77021,406.768387,406.772319,51.0968,50.0527,52.4973,101,101,88696.88996,neg
923,923,406.882981,406.860178,406.889854,439.0226,436.7577,441.1226,99,99,105156.6499,neg
926,926,406.899724,406.898199,406.900721,22.08785,12.8879,31.5953,96,96,268256.2061,neg
927,927,407.167328,407.144996,407.171165,262.6136,260.7152,296.2227,96,93,112713.9992,neg
928,928,407.18402,407.183441,407.18532,731.3137,700.3614,767.3215,61,61,1271307.634,neg
929,929,407.205114,407.193921,407.20596,415.0661,402.784,415.5123,103,103,681915.9562,neg
930,930,408.138015,408.136424,408.139273,260.96605,260.1358,261.9081,70,70,122517.6765,neg
931,931,408.187393,408.186809,408.188886,731.3137,696.6817,766.2771,63,63,251809.7296,neg
932,932,408.208423,408.196047,408.209712,414.549,402.7946,415.3161,88,88,133717.4014,neg
933,933,409.365759,409.364295,409.367112,735.28435,732.5775,736.8372,92,92,118819.907,neg
934,934,411.056231,411.054581,411.057843,296.0855,294.5476,298.2475,59,59,106287.8426,neg
935,935,411.195209,411.19362,411.196854,262.77395,261.735,264.281,64,64,73085.74957,neg
936,936,411.345365,411.344004,411.346578,722.5607,721.345,723.7462,99,99,255641.548,neg
937,937,411.381617,411.380404,411.382837,757.1515,756.2994,758.0262,101,101,632589.5349,neg
938,938,412.07374,412.072239,412.074854,273.4555,271.0139,275.5455,99,99,420642.712,neg
939,939,412.201396,412.200078,412.202426,262.8223,261.9383,264.281,101,101,1282373.312,neg
940,940,412.384921,412.383602,412.386178,756.9248,755.9225,758.3918,97,97,159796.294,neg
941,941,412.804793,412.802686,412.806133,49.8661,49.223,50.7893,99,99,61504.53045,neg
942,942,412.963967,412.962054,412.96497,514.8832,488.4526,529.4967,100,100,213121.8626,neg
943,943,413.17439,413.173069,413.175541,612.0118,611.1791,613.2056,62,62,93772.29881,neg
944,944,413.1976,413.196321,413.198868,449.0043,433.0159,461.0003,101,101,1234597.04,neg
945,945,413.204306,413.203454,413.205923,262.31775,261.6883,263.5292,68,68,259826.1669,neg
946,946,414.201035,414.199573,414.202107,447.6437,432.4928,461.0003,99,99,231981.5175,neg
947,947,414.800185,414.796549,414.803139,50.4979,49.071,51.2675,101,101,86209.62691,neg
948,948,415.194414,415.192709,415.197505,448.12145,444.6504,451.2296,78,78,109902.4364,neg
949,949,416.169695,416.161441,416.170728,261.1867,260.4276,262.4186,92,92,273160.4232,neg
950,950,416.226317,416.224986,416.227479,261.2106,260.3794,262.8811,101,101,658623.4614,neg
951,951,417.073082,417.071629,417.074927,296.2846,294.1389,297.7309,67,67,122338.3948,neg
952,952,417.232725,417.231401,417.233844,260.8652,260.1163,262.3551,101,101,6135971.237,neg
953,953,418.236211,418.234861,418.237361,260.8652,260.1163,262.3551,101,101,1171159.898,neg
954,954,419.238958,419.237371,419.240048,260.7417,259.5123,262.3551,99,99,136664.6474,neg
955,955,419.313774,419.312458,419.315115,692.63585,685.8702,698.0935,86,86,210566.7854,neg
956,956,421.329933,421.328329,421.366911,705.8793,703.877,735.2908,112,100,302873.7954,neg
957,957,423.345411,423.343879,423.346385,722.3549,720.7381,724.2739,99,99,280435.8449,neg
958,958,424.956856,424.954983,424.961758,107.1641,103.4393,108.9164,95,95,89569.39576,neg
959,959,425.078074,425.070991,425.07917,520.856,518.6884,521.8073,85,85,106623.8418,neg
960,960,425.114868,425.112795,425.115831,445.56775,432.4928,466.629,64,64,140234.367,neg
961,961,425.360973,425.359626,425.362034,737.0342,736.2424,737.8599,101,101,985110.178,neg
962,962,425.397014,425.395884,425.398519,771.4791,770.3712,772.8247,91,91,69547.41824,neg
963,963,426.364231,426.362921,426.365312,736.9435,735.7715,737.7893,101,101,243567.6534,neg
964,964,427.198587,427.196972,427.200387,602.4452,601.0169,603.8281,56,56,80083.73561,neg
965,965,427.215951,427.214434,427.216995,315.9104,315.293,316.5596,101,101,274653.7483,neg
966,966,427.303747,427.302288,427.30492,703.4735,702.504,704.5493,101,101,197218.2618,neg
967,967,427.374656,427.372724,427.376848,730.3212,729.0811,731.6421,75,75,68857.55514,neg
968,968,429.15193,429.149738,429.153105,264.339,262.9026,265.5962,55,55,77836.18983,neg
969,969,429.190343,429.188714,429.19205,609.8758,609.0148,610.9737,66,66,134005.4507,neg
970,970,430.002133,430.000341,430.00339,236.0387,234.5234,237.3666,73,73,115040.0922,neg
971,971,430.925221,430.923095,430.926918,43.73985,42.4577,44.6041,94,94,66792.33914,neg
972,972,433.124982,433.12319,433.12688,611.1675,571.3448,641.7607,102,102,192239.8025,neg
973,973,433.215439,433.21424,433.21691,602.5784,601.1136,603.9937,101,101,365953.7946,neg
974,974,433.3292,433.327854,433.330657,713.749,711.8463,716.6728,99,99,283223.3203,neg
975,975,434.183113,434.181714,434.184178,263.46,262.467,264.9429,101,101,814820.9651,neg
976,976,435.143057,435.141748,435.144402,452.742,433.0159,467.4728,101,101,1821571.675,neg
977,977,435.186772,435.185135,435.188106,263.2422,261.9888,264.8447,99,99,155669.2001,neg
978,978,435.345251,435.343838,435.346349,727.2114,725.4956,730.4387,101,101,378910.445,neg
979,979,436.146579,436.144896,436.147948,451.25315,432.4928,467.4728,100,100,343309.0227,neg
980,980,436.280567,436.279276,436.281752,670.9845,670.1666,671.8452,101,101,152458.876,neg
981,981,436.348481,436.347148,436.349715,727.1241,725.3229,730.1411,64,64,83967.74253,neg
982,982,437.158851,437.157305,437.1715,486.5536,441.7639,504.0269,103,103,1160233.891,neg
983,983,437.288166,437.286706,437.289231,589.1092,585.3324,590.5411,101,101,534803.4141,neg
984,984,437.324453,437.322969,437.325839,670.4588,667.2489,674.5656,97,97,284861.8811,neg
985,985,437.360785,437.340282,437.362115,736.6837,730.6856,740.3213,96,96,222144.1856,neg
986,986,438.161726,438.160645,438.163329,488.9476,461.4532,503.4931,83,83,220609.8794,neg
987,987,438.208089,438.206794,438.209228,261.3728,260.1588,262.8811,101,101,370043.2659,neg
988,988,438.291388,438.290068,438.292767,588.8747,585.8807,590.2291,80,80,129229.7058,neg
989,989,439.214489,439.213003,439.215584,261.2755,260.3407,262.8811,101,101,3361741.707,neg
990,990,439.340101,439.338378,439.341171,682.9872,681.3686,684.515,101,101,465945.6078,neg
991,991,439.376217,439.374846,439.377915,754.51645,752.9901,756.696,78,78,87852.93761,neg
992,992,440.218051,440.21654,440.219119,261.1942,260.2261,262.7281,101,101,674794.3911,neg
993,993,440.677014,440.675226,440.678436,58.8167,56.2697,60.2889,97,97,145691.6427,neg
994,994,440.886582,440.884939,440.887681,422.0127,390.5939,426.4776,73,73,616408.5792,neg
997,997,441.220953,441.218453,441.222202,260.89645,259.37,262.1456,58,58,78233.54051,neg
998,998,441.355631,441.354241,441.356974,659.80715,658.5911,660.6833,92,92,99213.39097,neg
999,999,441.392129,441.390634,441.39325,728.4745,727.8099,729.3428,101,101,274974.3569,neg
1000,1000,442.395526,442.393913,442.396627,727.8629,726.6013,729.1938,73,73,69062.10171,neg
1001,1001,442.674009,442.672114,442.675172,59.1832,58.0106,60.731,101,101,445943.9506,neg
1003,1003,443.153242,443.151577,443.154399,477.5506,476.308,478.8383,100,100,272762.2474,neg
1004,1004,443.298295,443.297158,443.300063,600.1018,598.3199,601.4026,89,89,96068.79545,neg
1005,1005,443.313547,443.311935,443.314908,698.2169,695.9754,700.9303,101,101,242189.3941,neg
1006,1006,444.670965,444.669149,444.672252,59.2948,57.5342,60.731,101,101,500404.5922,neg
1007,1007,445.185153,445.183499,445.186139,612.7223,611.5584,613.3881,74,74,1126754.942,neg
1008,1008,445.329419,445.327907,445.330598,711.4483,710.7037,712.582,101,101,1459723.104,neg
1009,1009,446.188639,446.186295,446.225479,612.4048,611.3478,614.1496,80,80,189259.0889,neg
1010,1010,446.332852,446.33106,446.334024,711.7034,710.4852,712.582,101,101,402386.7549,neg
1011,1011,446.668048,446.66622,446.669399,59.2388,57.9697,60.7116,101,101,300513.1847,neg
1012,1012,447.141086,447.139436,447.141992,616.2063,579.1569,643.8994,81,77,576895.8857,neg
1013,1013,447.272335,447.27071,447.274502,582.7792,581.8784,583.8673,66,66,72489.27953,neg
1014,1014,447.344952,447.343529,447.3461,729.3972,727.2468,730.5947,101,101,1465794.964,neg
1015,1015,448.304062,448.302635,448.30521,545.3066,543.0916,548.1016,100,100,2192486.812,neg
1016,1016,448.348422,448.346887,448.3495,729.2337,726.7662,730.3212,101,101,405185.7976,neg
1017,1017,448.664963,448.663345,448.666668,58.2048,55.8374,60.0122,89,89,87700.97316,neg
1018,1018,448.859952,448.8563,448.861973,61.8958,59.3218,64.0563,89,89,70701.22756,neg
1019,1019,449.251707,449.250196,449.253021,606.6856,605.2842,608.2181,101,101,977067.5367,neg
1020,1020,449.307666,449.305924,449.308638,545.307,543.0258,548.416,95,95,565229.9814,neg
1021,1021,449.360844,449.359455,449.361944,737.16405,735.5441,738.8497,100,100,1205413.39,neg
1022,1022,450.25631,450.253843,450.259037,608.55485,606.2979,616.9584,94,94,314881.5746,neg
1023,1023,450.364139,450.362627,450.36532,737.35485,735.1422,739.1487,100,100,332509.8925,neg
1024,1024,450.705656,450.703891,450.707304,54.2847,52.6734,55.8091,97,97,92401.61913,neg
1025,1025,450.856169,450.853846,450.858117,62.8754,61.1898,64.7744,93,93,73774.9389,neg
1026,1026,451.339911,451.338481,451.341264,668.1568,667.0357,669.4746,100,100,283836.3874,neg
1027,1027,451.376577,451.375157,451.377677,753.3671,751.2577,755.0692,101,101,425774.5903,neg
1028,1028,452.275448,452.274035,452.276812,653.1769,652.62,653.568,101,101,1125123.721,neg
1029,1029,452.37959,452.378326,452.381085,753.58725,750.0398,755.7545,84,84,100636.2321,neg
1030,1030,452.702749,452.700914,452.704136,55.4463,53.8858,56.8131,101,101,274108.7227,neg
1032,1032,452.936874,452.934616,452.939199,306.6924,301.4598,312.3499,57,57,91062.73747,neg
1033,1033,453.209359,453.207496,453.210339,261.0327,259.6548,262.3551,69,69,118812.2235,neg
1034,1034,453.278564,453.275534,453.280044,653.1546,652.3838,653.8776,101,101,217950.1048,neg
1035,1035,453.319325,453.317912,453.32099,600.655,599.3083,601.9585,101,101,195782.6028,neg
1036,1036,453.355541,453.340563,453.356893,693.3082,691.6031,704.1521,96,96,153037.9145,neg
1037,1037,453.392026,453.390668,453.393242,771.5665,769.9193,773.1214,90,90,108743.7716,neg
1038,1038,454.699849,454.697825,454.701367,55.5046,53.6614,56.5597,101,101,265224.3598,neg
1039,1039,454.881451,454.879574,454.882883,440.63185,439.5525,442.3186,100,100,217322.4824,neg
1040,1040,456.696837,456.694803,456.69859,54.8263,52.535,56.4538,100,100,111983.6277,neg
1041,1041,456.87636,456.856885,456.87913,439.71605,395.0574,441.5049,96,96,139741.8097,neg
1042,1042,458.808298,458.806235,458.809819,78.0349,76.5395,79.6074,98,98,85665.6942,neg
1043,1043,459.270007,459.267252,459.271431,588.9314,584.8097,590.872,99,99,174354.7751,neg
1044,1044,459.32402,459.322637,459.325407,725.1178,722.8828,726.5546,105,105,374269.4143,neg
1045,1045,459.324,459.322335,459.324995,781.2746,754.0973,783.4862,109,105,685521.7453,neg
1046,1046,460.327286,460.325764,460.328979,724.8108,722.8828,726.7367,105,105,109507.544,neg
1047,1047,460.326892,460.325785,460.328604,781.404,755.3223,783.7415,83,83,208166.0418,neg
1048,1048,460.898251,460.896438,460.900273,440.6804,439.43,442.6609,99,99,175046.5254,neg
1049,1049,461.323594,461.321515,461.325314,680.8326,678.58,683.3569,67,67,122046.8544,neg
1050,1050,461.359638,461.344556,461.361569,744.4526,738.8505,759.7234,82,82,119260.9058,neg
1051,1051,462.174073,462.172388,462.175655,391.68875,390.24,392.664,88,88,124241.1348,neg
1052,1052,462.297241,462.29477,462.313357,680.1929,679.0372,681.1747,65,65,59456.87144,neg
1053,1053,462.731444,462.729597,462.733133,50.8528,49.9704,51.8841,101,101,94984.45553,neg
1054,1054,462.888151,462.85523,462.897227,439.2717,397.1467,442.8612,97,97,115937.2185,neg
1055,1055,462.973211,462.971595,462.97447,295.8894,293.2574,299.0974,58,58,117279.4723,neg
1056,1056,463.288421,463.287059,463.28964,656.85735,656.0623,657.8149,98,98,715618.2463,neg
1057,1057,463.340203,463.338423,463.341244,691.1815,686.7879,693.3766,87,87,419040.3259,neg
1058,1058,463.376107,463.374877,463.378172,758.853,756.4572,761.5265,78,78,92984.29832,neg
1059,1059,464.298981,464.297186,464.300094,509.3016,508.5283,509.9035,96,96,543174.9841,neg
1060,1060,464.315097,464.310499,464.344532,710.7052,684.0359,712.3544,91,90,149540.1141,neg
1061,1061,464.728347,464.726274,464.730114,50.8105,49.848,51.4813,98,98,72818.38935,neg
1062,1062,464.861143,464.838967,464.875231,438.5592,403.2648,439.7833,93,92,93108.4532,neg
1064,1064,465.189079,465.153513,465.191499,489.3827,468.5961,501.0081,61,61,151902.2837,neg
1065,1065,465.246501,465.244738,465.247795,490.2079,488.7733,517.1454,101,97,360866.7714,neg
1067,1067,467.311302,467.309552,467.312623,712.2317,710.2962,713.5448,101,101,371978.7542,neg
1068,1068,467.371198,467.369768,467.372507,710.7388,710.0241,711.8447,101,101,1818409.79,neg
1070,1070,468.17914,468.176601,468.180802,715.8596,713.8833,718.0182,68,68,62250.72543,neg
1071,1071,468.314813,468.31232,468.316251,711.7397,707.6072,714.6626,67,67,85859.08765,neg
1072,1072,468.374616,468.373072,468.375741,710.9166,710.0241,711.8447,101,101,503668.3573,neg
1073,1073,468.877167,468.875278,468.878649,439.3541,438.5057,439.9848,101,101,180602.1564,neg
1074,1074,469.327147,469.325439,469.328212,727.9649,726.2155,729.8087,101,101,273770.1358,neg
1075,1075,469.308701,469.30696,469.35043,659.02055,657.7732,673.6832,78,78,145559.9264,neg
1076,1076,470.87372,470.858273,470.875344,439.4754,438.7216,440.7897,101,101,240896.3198,neg
1077,1077,471.241789,471.240202,471.243037,324.2468,323.4883,324.8509,100,100,190285.819,neg
1078,1078,471.330614,471.328543,471.337505,703.4318,702.0661,705.0359,95,95,188721.4901,neg
1079,1079,471.342724,471.339277,471.34418,736.8147,733.3697,739.4978,89,89,266842.4573,neg
1080,1080,472.759754,472.757223,472.761813,50.08515,49.2721,51.2607,82,82,60282.70134,neg
1081,1081,472.868974,472.840359,472.872041,439.3762,438.3493,441.2585,100,100,114445.3824,neg
1082,1082,473.279838,473.278096,473.28081,723.1879,676.2003,766.2966,117,101,343757.3032,neg
1083,1083,473.360463,473.358884,473.361599,733.2653,731.0617,735.1715,101,101,471678.2243,neg
1084,1084,474.044035,474.042266,474.045263,274.8899,272.6927,276.5822,80,80,190882.8581,neg
1085,1085,474.25938,474.257442,474.261155,610.8907,609.8302,612.0202,83,83,90466.7694,neg
1086,1086,474.283135,474.281377,474.284156,721.36215,675.6412,782.8965,76,68,108996.8313,neg
1087,1087,474.36364,474.361764,474.365383,733.49325,730.7882,735.6711,88,88,122562.5684,neg
1088,1088,475.170998,475.170299,475.172544,731.3137,696.8533,767.8631,63,63,477401.3714,neg
1089,1089,475.192024,475.18068,475.193767,414.446,402.7946,415.4817,69,69,86268.50338,neg
1090,1090,475.303251,475.301241,475.308825,591.9325,590.0145,595.1284,101,101,167927.0841,neg
1091,1091,475.376442,475.374688,475.377677,753.4782,749.4105,756.595,101,101,342436.1006,neg
1092,1092,476.275423,476.273877,476.276685,635.109,634.5855,635.5126,101,101,2946819.161,neg
1093,1093,476.37918,476.377999,476.381443,754.5562,748.6135,758.5787,64,64,76620.37084,neg
1094,1094,477.278644,477.277159,477.279918,635.224,634.5386,635.804,101,101,646918.2916,neg
1095,1095,477.391934,477.39063,477.39348,768.2106,765.4613,770.6322,99,99,244587.709,neg
1096,1096,478.290259,478.277335,478.292244,662.952,631.5506,663.4528,131,101,1569690.817,neg
1097,1097,479.294149,479.280449,479.295512,663.044,635.6982,664.1736,106,101,350765.2005,neg
1098,1098,479.334257,479.333178,479.336124,582.7039,579.4521,584.0211,69,69,136816.8764,neg
1099,1099,479.368799,479.366812,479.370099,756.9732,755.7067,758.9908,95,95,128082.5003,neg
1101,1101,480.282278,480.279705,480.286012,653.2037,650.2313,656.0282,96,96,273033.1984,neg
1102,1102,480.306672,480.304908,480.307962,694.7878,693.7401,695.3419,101,101,1222042.037,neg
1104,1104,481.287547,481.28163,481.290681,652.9555,650.2304,655.811,73,73,118808.1389,neg
1105,1105,481.310069,481.30792,481.311734,694.8906,693.7401,695.611,101,101,271745.8694,neg
1106,1106,481.350557,481.34906,481.351821,603.4813,602.6183,604.3296,101,101,509035.3521,neg
1108,1108,482.353762,482.352117,482.355413,603.3984,602.1771,604.5622,93,93,119382.4891,neg
1109,1109,483.365927,483.364555,483.367434,652.958,643.8161,656.6202,71,71,295432.0762,neg
1111,1111,485.20714,485.205505,485.208675,260.8193,259.2754,262.6012,97,97,102210.4102,neg
1112,1112,485.381795,485.380331,485.383196,673.6832,669.2563,678.0219,73,73,251943.3197,neg
1113,1113,487.288212,487.286795,487.289645,638.4296,637.4591,639.3753,101,101,561125.244,neg
1114,1114,487.324566,487.322999,487.326175,598.5381,588.7306,601.6534,75,75,117372.9647,neg
1115,1115,488.291366,488.29009,488.293534,638.1612,636.6731,639.2422,90,90,129977.3618,neg
1116,1116,489.304019,489.302103,489.305425,665.8901,665.0518,666.6444,95,95,313384.4814,neg
1117,1117,489.35343,489.351707,489.355022,711.5036,709.8214,712.9837,101,101,497190.9895,neg
1119,1119,490.306833,490.305707,490.308723,665.6608,664.2613,667.2713,54,54,79628.23884,neg
1120,1120,490.35659,490.354997,490.358262,711.45755,709.1885,713.323,94,94,125723.1575,neg
1121,1121,491.319867,491.318045,491.321233,697.715,695.9069,698.8151,101,101,173412.8379,neg
1122,1122,491.356359,491.354865,491.357627,825.0284,821.9523,827.4006,99,99,698242.3815,neg
1124,1124,492.359339,492.357529,492.360481,825.0789,821.9529,828.0577,93,93,188491.5769,neg
1125,1125,492.372313,492.367709,492.37439,735.0917,732.6944,738.1106,79,79,127634.9552,neg
1126,1126,493.307908,493.306287,493.310518,641.4649,640.3661,642.2311,69,69,91644.97387,neg
1127,1127,493.386912,493.385351,493.388165,726.8371,724.7809,728.3579,101,101,860904.5856,neg
1128,1128,494.390262,494.388592,494.391877,727.07605,724.5809,730.0494,100,100,259181.5284,neg
1129,1129,495.300654,495.298879,495.302097,775.3296,771.6966,778.5196,104,104,99992.12322,neg
1130,1130,495.402553,495.400959,495.403839,744.6549,743.7691,745.4225,101,101,1226095.241,neg
1131,1131,496.154086,496.152224,496.156349,263.6981,262.2344,265.2256,69,69,85577.93913,neg
1132,1132,496.405825,496.404209,496.407105,744.7374,743.9489,745.7816,101,101,371672.9379,neg
1133,1133,497.113493,497.111604,497.115077,449.651,431.9844,466.4433,93,93,157433.4907,neg
1134,1134,497.172519,497.170453,497.174136,261.9402,259.3962,264.0656,99,99,226640.2234,neg
1135,1135,497.272866,497.270961,497.274518,504.64435,503.6786,505.63,80,80,86071.76286,neg
1136,1136,498.259762,498.257984,498.261173,609.2002,608.4255,610.006,99,99,159812.4754,neg
1137,1137,498.286522,498.284727,498.288124,539.7847,519.7194,558.9576,83,83,354065.2149,neg
1138,1138,498.635484,498.633324,498.637208,58.5095,56.4592,59.7417,100,100,137606.1113,neg
1139,1139,498.926644,498.924257,498.928305,535.6015,512.4438,550.0037,101,101,518530.3562,neg
1140,1140,500.275376,500.273672,500.276664,632.9524,632.3551,633.389,101,101,2003047.534,neg
1141,1141,500.632432,500.6306,500.634016,58.9945,57.6867,60.0557,101,101,495660.515,neg
1142,1142,501.184602,501.183041,501.186034,261.2221,260.3407,262.8811,101,101,353634.3793,neg
1143,1143,501.278708,501.276836,501.280091,633.0049,632.2921,633.6804,101,101,486556.5782,neg
1144,1144,501.391768,501.390257,501.393238,756.9636,754.0454,758.6048,101,101,377160.5928,neg
1145,1145,502.174035,502.170902,502.178278,263.4996,261.6204,265.3729,97,97,166278.3971,neg
1146,1146,502.290232,502.286666,502.29256,651.5696,650.2698,653.2426,98,98,159251.5798,neg
1147,1147,502.395283,502.393665,502.396959,757.45675,753.8601,760.8754,84,84,105035.2924,neg
1148,1148,502.629648,502.627726,502.631153,58.9482,57.9462,59.8333,101,101,654857.1165,neg
1149,1149,503.130317,503.121686,503.131962,450.6803,404.8367,467.4728,101,101,495400.8516,neg
1150,1150,503.331976,503.330614,503.33429,603.416,601.6774,604.9304,71,71,85565.65213,neg
1151,1151,503.407696,503.406113,503.409038,772.7973,767.9848,775.8825,101,101,343704.8273,neg
1152,1152,504.284793,504.281798,504.287595,635.1398,633.159,637.1854,101,101,185608.8646,neg
1153,1153,504.410422,504.409093,504.412377,772.8441,768.0084,777.6501,81,81,87894.5867,neg
1154,1154,504.626639,504.624723,504.628126,59.0052,58.1218,60.0122,101,101,472254.2568,neg
1155,1155,505.145994,505.144085,505.14745,488.4449,461.9769,504.0269,99,99,302083.0815,neg
1156,1156,505.204813,505.203356,505.206282,512.8935,511.4095,514.0963,69,69,102477.187,neg
1157,1157,505.287733,505.28229,505.290659,634.9168,633.6953,636.8434,65,65,74286.9619,neg
1158,1158,505.329283,505.327769,505.330656,768.0166,765.4286,769.4694,105,105,952760.1061,neg
1159,1159,505.329561,505.327775,505.330734,719.25465,715.2047,721.9986,104,104,215992.1252,neg
1160,1160,505.3293,505.327656,505.330655,846.3056,844.3394,848.9545,98,98,246944.9795,neg
1161,1161,505.42328,505.421852,505.424694,794.7574,793.4668,796.9083,93,93,146671.9587,neg
1162,1162,506.299862,506.296367,506.304296,663.7088,662.1523,666.6344,99,99,148985.3365,neg
1163,1163,506.332624,506.331129,506.334053,768.2088,765.4286,769.8468,105,105,321847.2993,neg
1164,1164,506.623843,506.621755,506.625124,58.9293,57.5678,60.8109,101,101,198073.6405,neg
1165,1165,507.201631,507.200187,507.202935,261.9675,260.4919,263.4003,101,101,575330.4422,neg
1166,1166,507.220482,507.219014,507.222043,549.1038,548.0471,550.6736,99,99,1271013.108,neg
1167,1167,507.365274,507.363732,507.367029,676.1678,673.3212,679.7349,85,85,139899.3453,neg
1168,1168,508.223871,508.222199,508.225422,548.9931,547.1892,550.7358,94,94,325220.0561,neg
1169,1169,508.205242,508.203515,508.206844,260.86405,259.37,262.3551,80,80,105887.1736,neg
1170,1170,508.315522,508.311553,508.321363,695.2457,693.6408,697.399,100,100,144052.7478,neg
1171,1171,508.816536,508.813092,508.817813,61.2501,58.606,64.63,53,53,45055.46445,neg
1172,1172,508.873873,508.870895,508.874915,422.059,378.729,428.1115,71,71,331155.7861,neg
1173,1173,509.286315,509.283892,509.320987,694.5116,654.351,739.4786,90,80,68283.80011,neg
1174,1174,509.38151,509.379833,509.383355,700.38235,666.6424,702.6818,90,88,212852.2912,neg
1175,1175,510.250329,510.248375,510.251465,525.3497,481.7326,560.4086,93,93,228883.5093,neg
1176,1176,510.661309,510.659054,510.663059,53.75545,52.22,55.897,100,100,113488.8775,neg
1178,1178,511.288237,511.286542,511.289676,636.6496,635.7384,637.5407,101,101,382103.3485,neg
1179,1179,511.287879,511.282777,511.289673,513.5061,512.4371,514.2247,100,100,327866.7255,neg
1180,1180,511.397431,511.395678,511.398837,682.6276,681.4654,685.5563,101,101,465262.857,neg
1181,1181,511.397788,511.395799,511.398665,715.29615,714.3326,716.6786,72,72,401135.627,neg
1182,1182,512.296444,512.294834,512.297967,604.6407,603.9155,605.074,101,101,1643779.567,neg
1183,1183,512.400397,512.39881,512.40242,683.3678,681.5176,685.1039,63,63,134484.7422,neg
1184,1184,512.658526,512.65638,512.66017,54.0331,52.1201,55.3883,100,100,136736.8647,neg
1185,1185,513.172381,513.170327,513.173641,612.51555,611.7079,613.3881,72,72,340978.3497,neg
1186,1186,513.299809,513.297875,513.30153,604.6248,603.7159,605.2228,101,101,356197.6845,neg
1187,1187,513.413215,513.411336,513.415137,704.0195,699.556,705.8841,80,80,101726.5121,neg
1188,1188,514.655566,514.653226,514.657668,53.10395,51.5563,55.0955,100,100,69574.67641,neg
1189,1189,515.128498,515.126816,515.129414,622.0207,580.7441,644.3862,65,65,221932.8765,neg
1190,1190,515.26805,515.265602,515.270649,331.70205,330.4794,332.7764,96,96,117299.3912,neg
1191,1191,515.363241,515.328605,515.370999,705.091,702.5312,737.648,108,101,347968.7937,neg
1192,1192,516.291395,516.289334,516.292639,545.1537,542.5073,548.1016,91,91,429735.228,neg
1193,1193,517.156102,517.154887,517.158298,260.76855,259.6247,262.2098,56,56,206336.6388,neg
1194,1194,517.239016,517.237109,517.240317,606.3372,604.7121,623.4758,101,101,179719.7773,neg
1195,1195,517.294945,517.292764,517.297245,544.08605,542.5718,548.416,68,68,98669.49433,neg
1196,1196,517.385456,517.383646,517.387213,741.8165,736.8701,743.6456,101,101,473740.5954,neg
1197,1197,518.388685,518.386527,518.390729,741.2094,738.6981,743.6899,93,93,136747.7742,neg
1198,1198,518.603395,518.601641,518.606021,58.05675,55.3405,60.4476,78,78,72302.23141,neg
1199,1199,519.402573,519.400919,519.40403,733.4264,731.0145,737.876,101,101,527857.5552,neg
1200,1200,520.26285,520.26075,520.264724,653.8934,652.5489,655.0699,85,85,71924.94791,neg
1201,1201,520.405682,520.403937,520.407413,733.0198,730.0086,736.1283,89,89,153525.217,neg
1202,1202,520.69023,520.687923,520.692482,50.8224,50.2474,51.4307,67,67,62028.12698,neg
1204,1204,521.418198,521.416489,521.419485,750.7214,749.0242,753.6641,101,101,805374.0198,neg
1205,1205,522.421539,522.419845,522.423,750.6338,747.3712,752.9615,99,99,266605.6806,neg
1206,1206,522.687048,522.684844,522.688819,50.8058,50.0234,51.548,66,66,59569.87171,neg
1207,1207,522.868514,522.865066,522.870944,440.40895,438.3862,442.6609,86,86,100371.2112,neg
1208,1208,524.275254,524.273742,524.276719,631.0973,630.6903,631.7391,101,101,978784.7873,neg
1209,1209,524.332829,524.331084,524.3342,669.5471,668.9463,670.0351,101,101,788292.0844,neg
1210,1210,525.266959,525.26524,525.268764,420.5921,419.7775,421.3964,58,58,94503.42448,neg
1211,1211,525.278612,525.276708,525.280144,631.0496,630.2664,631.7391,101,101,255394.5889,neg
1212,1212,525.336177,525.334396,525.338054,669.2083,668.2777,669.9219,101,101,185631.4896,neg
1214,1214,526.311956,526.310456,526.313327,627.6681,626.894,628.3659,101,101,999974.1167,neg
1215,1215,526.348437,526.346676,526.349767,676.1451,675.3801,676.6415,101,101,683750.3138,neg
1216,1216,527.315246,527.31235,527.317329,627.7744,626.894,628.9785,101,101,218117.3606,neg
1217,1217,527.351928,527.349927,527.353446,675.9169,674.6215,676.5041,101,101,161849.7893,neg
1219,1219,528.260568,528.258519,528.262108,527.9608,465.3487,561.4952,102,98,483911.6805,neg
1220,1220,528.283259,528.281407,528.285765,620.08275,618.5671,623.6632,90,90,153036.0033,neg
1221,1221,529.202414,529.200709,529.203912,548.92255,547.5312,550.3621,92,92,248572.1157,neg
1222,1222,529.423138,529.421392,529.424535,785.8932,783.5028,788.7047,93,93,138768.9387,neg
1223,1223,530.299094,530.278927,530.300558,651.54215,618.4606,652.2178,102,101,1488197.847,neg
1224,1224,530.848212,530.838454,530.862312,438.87,427.9377,440.9093,63,63,51123.78161,neg
1225,1225,531.301741,531.297616,531.303581,651.8631,651.2874,652.9789,101,101,340934.802,neg
1226,1226,531.439178,531.436998,531.440455,803.57705,801.4565,806.0005,84,84,86686.47709,neg
1227,1227,532.295409,532.293599,532.297047,651.7641,650.9216,652.6868,101,101,393587.9039,neg
1228,1228,532.286388,532.284029,532.287623,508.8304,508.0248,509.6869,63,63,117523.7739,neg
1229,1229,532.844515,532.833105,532.850616,439.2195,437.4738,440.2906,91,91,63154.73254,neg
1230,1230,533.2994,533.297176,533.302834,651.3829,650.0556,652.7945,97,97,76842.54776,neg
1231,1231,533.379998,533.37821,533.381949,682.72015,680.7445,685.7039,58,58,169641.279,neg
1232,1232,535.287898,535.286394,535.289592,635.4428,633.8453,636.8432,77,77,101003.978,neg
1233,1233,535.298807,535.296874,535.300259,712.2614,710.1622,714.544,69,69,109394.365,neg
1234,1234,535.397486,535.383513,535.398651,697.725,655.4905,700.7311,83,82,295035.6735,neg
1235,1235,536.864234,536.859086,536.866814,439.32585,438.0613,440.2649,88,88,64116.07789,neg
1236,1236,537.314604,537.312829,537.316409,728.4854,725.6333,730.3217,79,79,77872.66758,neg
1237,1237,537.412926,537.411207,537.414439,705.1071,703.8332,706.2906,101,101,1577656.542,neg
1238,1238,538.312079,538.310462,538.313584,618.3743,617.5044,619.2221,101,101,3925766.036,neg
1239,1239,538.416463,538.414463,538.417867,705.1574,704.0627,706.5074,101,101,521462.838,neg
1240,1240,538.860063,538.841204,538.862661,439.46165,438.3862,440.7897,98,98,89780.18776,neg
1241,1241,539.247019,539.20473,539.248162,419.54,412.883,420.368,103,103,281546.9103,neg
1242,1242,539.315296,539.313723,539.317076,618.545,617.8355,619.2221,101,101,949334.6699,neg
1243,1243,539.428651,539.427017,539.4301,705.9846,703.7069,709.179,101,101,3282483.537,neg
1244,1244,539.781384,539.778526,539.783512,651.6061,651.0001,652.3907,101,101,244648.0365,neg
1245,1245,540.145524,540.143377,540.147483,651.6677,650.8611,652.3558,101,101,335168.6347,neg
1246,1246,540.258099,540.251812,540.262836,651.1834,650.214,651.9609,92,92,109058.005,neg
1247,1247,540.327778,540.325891,540.329184,651.6068,651.0784,652.1897,101,101,71777987.8,neg
1248,1248,540.401658,540.394651,540.410469,651.0859,650.2289,651.8646,70,70,106816.8577,neg
1249,1249,540.432025,540.43016,540.433469,705.9187,703.7069,709.7479,101,101,1093766.953,neg
1250,1250,540.509695,540.507801,540.511643,651.7629,651.0001,652.3368,101,101,347596.4256,neg
1251,1251,540.782361,540.779984,540.785439,650.9357,649.6972,651.717,55,55,48644.83208,neg
1252,1252,540.853426,540.826078,540.86028,439.4401,436.5573,441.8562,69,69,45730.75021,neg
1253,1253,540.874949,540.872192,540.877686,651.553,650.7603,652.2342,101,101,217718.6548,neg
1254,1254,541.147974,541.145643,541.150206,651.03375,649.9795,652.0445,88,88,68954.61447,neg
1255,1255,541.262617,541.260795,541.26404,410.7384,409.6155,412.1231,101,101,366565.9704,neg
1256,1256,541.331086,541.329237,541.332487,651.5361,650.8611,652.0404,101,101,19150074.71,neg
1257,1257,541.434587,541.432049,541.436758,704.7402,702.0661,708.2545,90,90,121194.0574,neg
1258,1258,541.513205,541.511524,541.515292,651.04805,649.8012,651.7641,82,82,70082.25403,neg
1259,1259,542.333376,542.331677,542.334966,651.4827,650.9576,652.1897,101,101,2976136.687,neg
1260,1260,543.335968,543.334351,543.337538,651.6935,650.8377,652.3558,101,101,355847.497,neg
1261,1261,543.400012,543.3983,543.401711,749.65995,747.7886,752.2637,88,88,154956.3693,neg
1262,1262,544.262652,544.260955,544.264352,635.7707,634.9081,636.5607,101,101,322844.8545,neg
1263,1263,545.41763,545.415947,545.419272,739.41535,735.5252,744.4662,66,66,146372.8031,neg
1264,1264,546.278316,546.276277,546.280071,663.54535,661.8198,664.6967,100,100,171554.1122,neg
1265,1265,547.433637,547.43172,547.435614,756.8775,752.7457,760.0349,89,89,188646.6491,neg
1266,1266,548.294166,548.292138,548.29556,695.052,694.0864,696.0681,101,101,142783.1929,neg
1267,1267,549.449413,549.447684,549.450833,772.2054,769.2021,774.8201,101,101,527422.1822,neg
1268,1268,550.452672,550.451008,550.454104,772.5809,769.2121,776.5044,90,90,174580.9523,neg
1269,1269,551.465324,551.463478,551.466546,799.9849,795.6833,803.3287,99,99,617429.3106,neg
1270,1270,552.327612,552.324965,552.328946,640.3735,639.4272,641.1603,101,101,267521.9857,neg
1271,1271,552.364092,552.361988,552.365551,684.314,683.6594,685.0196,101,101,378876.2087,neg
1272,1272,552.468503,552.466769,552.46993,799.285,794.8608,803.3471,74,74,218651.2146,neg
1273,1273,553.330249,553.323216,553.333131,639.42395,629.7016,640.9175,56,56,66518.46573,neg
1274,1274,553.367391,553.364964,553.36966,684.026,683.1859,684.6723,90,90,97321.92731,neg
1275,1275,554.299143,554.297172,554.300532,633.5985,632.9889,634.149,101,101,823995.6432,neg
1276,1276,554.343415,554.341598,554.344883,670.3738,669.4961,671.2646,101,101,1900593.028,neg
1277,1277,554.38004,554.377509,554.381529,717.5258,716.5306,718.9021,96,96,106214.5924,neg
1278,1278,555.29943,555.291866,555.302712,634.0942,632.7495,635.4438,101,101,205829.8772,neg
1279,1279,555.346712,555.344984,555.348327,670.3925,669.4961,671.1645,101,101,494088.6242,neg
1280,1280,555.447189,555.439088,555.458641,787.39225,781.2914,795.4444,94,94,207605.1211,neg
1281,1281,556.315109,556.312699,556.316756,662.3842,661.5714,663.3496,101,101,530306.7338,neg
1282,1282,556.322536,556.320626,556.324101,524.08925,523.4212,524.6747,92,92,256279.1921,neg
1283,1283,556.318044,556.293015,556.324107,618.2564,615.7598,634.3641,101,101,281670.0583,neg
1284,1284,556.594189,556.591967,556.596741,58.03795,54.6555,60.4315,96,96,100717.1803,neg
1285,1285,557.316887,557.313111,557.31919,660.5206,658.8756,662.1288,101,101,176936.7068,neg
1286,1286,557.340913,557.33855,557.342267,711.3482,709.724,712.9925,97,97,127931.916,neg
1287,1287,557.454443,557.452793,557.455783,809.3757,807.2625,810.9848,101,101,763736.1399,neg
1288,1288,558.311153,558.307745,558.312223,661.38885,659.9785,662.6301,66,66,128377.9415,neg
1289,1289,558.330336,558.328407,558.331769,693.8239,693.1818,694.4732,101,101,529774.1256,neg
1290,1290,558.457627,558.456107,558.459303,809.5191,807.2625,810.9848,101,101,283534.2467,neg
1291,1291,558.591228,558.589223,558.592914,59.0504,58.0773,60.2627,101,101,426047.7708,neg
1292,1292,559.394664,559.385443,559.397009,705.7692,704.1899,707.167,101,101,304620.2768,neg
1293,1293,559.470367,559.468544,559.471818,830.6574,826.9131,849.423,101,101,246545.9322,neg
1294,1294,560.326568,560.324469,560.328338,693.5408,692.4051,694.4206,101,101,130804.5497,neg
1295,1295,560.398591,560.389314,560.400921,705.5301,704.0282,707.1935,84,84,81436.81241,neg
1296,1296,560.473442,560.471883,560.475042,830.13895,827.7835,849.423,62,62,87180.51017,neg
1297,1297,560.58834,560.586085,560.590032,58.9247,57.7,60.1803,101,101,642802.2314,neg
1298,1298,561.376549,561.374943,561.392752,782.4171,780.5443,817.5862,53,53,52399.36551,neg
1299,1299,561.410753,561.409018,561.412697,707.1642,703.7069,715.1594,101,101,672431.8332,neg
1300,1300,561.485674,561.484107,561.487758,852.6883,849.5913,855.9368,63,63,75383.74764,neg
1301,1301,562.312067,562.31037,562.31366,610.1685,609.5577,610.666,101,101,702694.8184,neg
1302,1302,562.414191,562.412144,562.415723,707.6569,703.8309,713.7618,92,92,206029.2963,neg
1303,1303,562.585465,562.58314,562.587257,58.8777,57.6867,59.7522,101,101,540596.543,neg
1304,1304,563.315498,563.313581,563.317283,609.8706,608.9989,610.5695,101,101,175527.8782,neg
1305,1305,563.744523,563.741159,563.746548,633.0266,632.3709,633.8663,99,99,97173.96837,neg
1306,1306,564.133467,564.130896,564.135009,633.2098,632.5833,633.9469,100,100,136010.9594,neg
1307,1307,564.327712,564.325978,564.32927,633.5564,633.0783,634.0462,101,101,34597223.93,neg
1308,1308,564.522198,564.519621,564.524346,633.2259,632.5737,634.3641,101,101,138848.542,neg
1309,1309,564.58243,564.580321,564.584284,59.0371,57.7,60.4315,101,101,273754.8861,neg
1310,1310,564.778679,564.776633,564.780841,58.8285,57.4703,60.3047,100,100,123106.49,neg
1311,1311,564.911739,564.908378,564.914571,632.9918,632.0028,633.7547,101,101,81527.99271,neg
1312,1312,565.331139,565.329251,565.332598,633.4687,632.9559,633.9469,101,101,9540132.495,neg
1313,1313,565.444251,565.442559,565.445904,720.5789,713.3565,728.3579,73,73,231857.5011,neg
1314,1314,565.756918,565.75394,565.75915,660.94515,660.0503,661.8139,86,86,67319.86458,neg
1315,1315,566.147685,566.145692,566.14981,661.09085,660.1872,661.8458,98,98,94940.04044,neg
1316,1316,566.343339,566.341621,566.344743,661.8279,661.2801,662.3842,101,101,24714756.71,neg
1317,1317,566.538752,566.53525,566.540611,661.0369,660.1471,662.3477,99,99,97252.29475,neg
1318,1318,566.580169,566.577567,566.583697,57.65085,54.4385,59.7417,88,88,84362.48214,neg
1319,1319,566.775961,566.773279,566.777686,58.8777,57.3486,60.0409,101,101,123059.5382,neg
1320,1320,566.929913,566.926709,566.933382,660.83525,659.3747,661.8458,72,72,59170.56715,neg
1321,1321,567.313821,567.312142,567.316142,549.76835,548.5743,551.8207,64,64,99924.47831,neg
1322,1322,567.346707,567.344818,567.348108,661.7026,661.0719,662.3842,101,101,6766700.134,neg
1323,1323,567.460052,567.458277,567.461392,728.6939,726.7978,730.2731,101,101,615925.9446,neg
1324,1324,567.7694,567.766048,567.771447,693.2488,692.4075,694.0966,89,89,74684.74703,neg
1325,1325,568.162364,568.160173,568.164318,693.288,692.1703,694.1784,99,99,102961.3217,neg
1326,1326,568.262669,568.26046,568.264233,633.1083,632.0028,634.3097,101,101,198779.9316,neg
1327,1327,568.34826,568.347292,568.349681,661.5456,658.9173,663.0895,69,69,970711.3636,neg
1328,1328,568.359112,568.357149,568.360617,693.5906,692.9553,694.1784,101,101,25782716.08,neg
1329,1329,568.463344,568.461327,568.464844,729.215,726.625,731.9298,95,95,210630.5633,neg
1330,1330,568.555583,568.552883,568.557722,693.2715,692.4426,694.3246,99,99,105572.0179,neg
1331,1331,568.620096,568.617382,568.622042,53.08205,51.7913,54.7035,98,98,75636.23608,neg
1332,1332,568.949177,568.945893,568.951838,693.2057,692.1028,693.9519,68,68,66675.78928,neg
1333,1333,569.362356,569.360508,569.36402,693.5063,692.6313,694.1784,101,101,7156800.878,neg
1334,1334,569.476435,569.474358,569.477774,731.2368,728.335,734.43,65,65,218709.8852,neg
1335,1335,570.364865,570.362967,570.366575,693.5716,692.6313,694.1784,101,101,1164934.534,neg
1336,1336,570.617324,570.614543,570.619457,53.419,51.9756,55.054,101,101,107975.3302,neg
1337,1337,571.118283,571.115613,571.119731,447.86155,431.47,467.2296,76,76,160479.224,neg
1338,1338,571.36745,571.365446,571.369385,693.4362,692.1028,694.3688,101,101,138943.595,neg
1339,1339,572.614457,572.612123,572.616822,52.962,51.5753,55.4921,97,97,69944.02956,neg
1340,1340,573.132528,573.131195,573.134925,491.4541,467.8916,504.0269,53,53,96501.46816,neg
1341,1341,573.316383,573.314191,573.318489,767.9952,765.4599,771.7103,79,79,79317.54991,neg
1342,1342,573.448988,573.44751,573.450986,755.7807,751.5478,761.4877,92,92,733862.3162,neg
1343,1343,574.452749,574.450726,574.453912,755.728,751.532,762.1945,79,79,273756.7682,neg
1344,1344,574.565011,574.562969,574.567703,57.7918,55.7175,60.113,66,66,62504.90042,neg
1345,1345,575.465102,575.463226,575.466568,776.3048,773.6541,778.5369,101,101,1098814.281,neg
1346,1346,576.468449,576.466571,576.469812,776.26045,772.9625,778.7015,100,100,425729.2786,neg
1347,1347,576.562474,576.560006,576.564296,58.4283,56.4592,60.6945,96,96,112606.9338,neg
1348,1348,577.480795,577.479254,577.482163,802.1254,800.0059,804.2202,100,100,681395.5144,neg
1349,1349,578.298754,578.296651,578.300106,630.7902,630.011,631.4883,100,100,148339.4432,neg
1350,1350,578.48419,578.482411,578.485523,802.1842,800.08,804.8517,95,95,276436.1063,neg
1351,1351,578.559344,578.557148,578.56142,58.3132,56.202,60.7834,97,97,93912.7042,neg
1353,1353,579.436518,579.434403,579.43775,808.409,806.2709,809.6277,69,69,100643.333,neg
1354,1354,579.497028,579.49538,579.498578,777.0906,774.5098,780.1818,95,95,280683.1351,neg
1355,1355,580.283899,580.281992,580.285547,604.5373,603.7563,605.2228,101,101,291975.9767,neg
1356,1356,580.322627,580.320582,580.324274,538.038,537.3237,539.2549,83,83,147746.9486,neg
1357,1357,580.490839,580.489494,580.493175,849.575,838.3434,851.2336,74,74,151224.1573,neg
1358,1358,581.159768,581.157314,581.161147,612.3041,611.5531,613.6675,62,62,125301.0891,neg
1359,1359,581.237477,581.234954,581.239722,712.5259,710.7789,713.998,63,63,66609.93119,neg
1360,1360,582.507016,582.505167,582.508893,863.70445,862.6323,865.2752,100,100,148450.3275,neg
1361,1361,583.253302,583.251058,583.25484,432.8745,431.0984,438.236,97,97,388636.2219,neg
1362,1362,583.253482,583.251282,583.254715,714.3626,712.8185,715.6336,95,95,293269.0221,neg
1363,1363,583.509586,583.508544,583.512223,863.5834,862.1532,865.3305,59,59,53757.12375,neg
1364,1364,584.256316,584.254191,584.258861,432.6069,430.5587,437.6667,85,85,121905.2562,neg
1365,1365,584.27855,584.276755,584.280639,544.5392,542.261,546.9914,61,61,133489.2372,neg
1366,1366,584.353555,584.351789,584.355281,652.9697,651.9935,654.0864,101,101,383516.2713,neg
1367,1367,585.357225,585.354735,585.359044,652.0157,651.0037,653.9287,87,87,78542.36808,neg
1368,1368,585.372177,585.369806,585.374657,744.6437,743.5228,745.7804,77,77,78562.89163,neg
1369,1369,586.312038,586.310233,586.313641,607.7639,607.1065,608.3059,101,101,890520.3622,neg
1370,1370,587.315556,587.31348,587.317156,607.6091,606.6286,608.2927,101,101,246875.3854,neg
1371,1371,588.327751,588.325796,588.329185,631.0268,630.5858,631.6497,101,101,7162404.365,neg
1372,1372,589.331039,589.329037,589.332551,631.0752,630.5858,631.6179,101,101,2021984.602,neg
1373,1373,589.44304,589.440633,589.444783,728.22725,722.7762,731.808,94,94,266722.1868,neg
1374,1374,590.3434,590.341281,590.344919,649.6862,649.0947,650.5675,101,101,1909632.015,neg
1375,1375,591.346665,591.344627,591.348365,649.9358,649.2587,650.7755,101,101,564800.0315,neg
1376,1376,591.386269,591.382975,591.388569,765.7746,764.2518,767.8631,81,81,84822.55655,neg
1377,1377,591.459796,591.457906,591.461416,727.1109,723.1066,730.0908,101,101,899361.9883,neg
1378,1378,592.261968,592.260082,592.264002,630.3987,629.0298,631.4332,79,79,88503.00873,neg
1379,1379,592.359119,592.328262,592.360715,674.4404,668.0394,675.7167,101,101,233674.499,neg
1380,1380,592.463385,592.461262,592.464717,727.137,720.8943,731.4908,97,97,338063.6428,neg
1381,1381,593.361691,593.359591,593.364258,673.6834,672.423,674.5446,62,62,67603.1739,neg
1382,1382,593.475507,593.473699,593.477033,736.4422,735.5441,737.5781,101,101,4532302.904,neg
1383,1383,594.29929,594.297364,594.300863,626.9084,625.9344,627.8904,99,99,135979.6655,neg
1384,1384,594.335858,594.333788,594.337797,675.7929,674.9499,676.8715,93,93,113255.9929,neg
1385,1385,594.374646,594.372671,594.376334,700.3968,699.4773,701.2385,101,101,187829.1953,neg
1386,1386,594.478957,594.476956,594.480323,736.3677,735.5441,737.6836,101,101,1688141.829,neg
1387,1387,595.284604,595.28329,595.287042,672.85665,650.0435,694.6794,62,62,175843.5711,neg
1388,1388,595.491204,595.489402,595.492816,751.8329,750.4977,753.0144,101,101,7434723.892,neg
1389,1389,596.390172,596.388003,596.392018,732.0575,731.0673,733.1728,82,82,80758.67996,neg
1390,1390,596.494608,596.492635,596.496048,751.8329,750.1593,753.0144,101,101,2681309.886,neg
1391,1391,597.301953,597.300329,597.303012,679.2856,645.3861,712.33,62,62,158246.1676,neg
1392,1392,597.496968,597.494497,597.498566,751.6479,749.9403,752.6366,101,101,483075.5114,neg
1393,1393,598.286061,598.284224,598.288159,651.8357,650.5998,653.1824,101,101,347481.6293,neg
1394,1394,599.317649,599.315662,599.318549,721.749,681.1204,737.3124,65,65,206906.7217,neg
1395,1395,599.462801,599.460782,599.464418,800.5981,797.7859,802.9509,84,84,111407.4241,neg
1396,1396,603.407674,603.405173,603.409676,703.98355,702.9928,705.0359,92,92,87723.93377,neg
1397,1397,605.402597,605.400749,605.404226,778.0295,776.8967,779.718,100,100,121353.1582,neg
1398,1398,606.299261,606.297537,606.301178,618.4388,617.73,619.2221,101,101,724405.2753,neg
1399,1399,607.302727,607.300753,607.304502,618.2141,617.4711,619.2221,101,101,176105.646,neg
1400,1400,608.315016,608.312921,608.316672,651.7641,651.2486,652.3907,101,101,7016222.029,neg
1401,1401,609.318247,609.316213,609.320052,651.7746,651.0447,652.5786,101,101,1827263.562,neg
1402,1402,609.470113,609.468327,609.472035,725.143,719.2419,730.0429,64,64,130245.1951,neg
1403,1403,609.554069,609.552023,609.555945,929.33885,926.2613,932.2297,86,86,57765.85951,neg
1404,1404,610.320773,610.318835,610.322538,651.9207,650.9361,652.8807,101,101,322091.2538,neg
1405,1405,611.52208,611.520265,611.524241,848.89005,847.8331,850.062,82,82,97188.07243,neg
1406,1406,612.249551,612.24727,612.252507,636.28865,634.7341,637.6928,54,54,73828.5221,neg
1407,1407,612.327633,612.325597,612.329093,629.3309,628.9215,629.9522,101,101,1244293.958,neg
1408,1408,612.385168,612.383124,612.387198,693.5433,692.5675,694.4485,100,100,118372.7624,neg
1409,1409,613.330944,613.328818,613.332706,629.3578,628.4309,630.4963,101,101,372339.796,neg
1410,1410,613.441813,613.439844,613.443387,727.1689,721.8814,730.13,87,87,155303.1052,neg
1411,1411,614.343128,614.341336,614.345234,643.1926,642.243,644.2422,101,101,410403.4378,neg
1412,1412,615.346584,615.344839,615.34853,642.8931,642.017,643.8994,97,97,112259.0883,neg
1413,1413,615.457363,615.455346,615.459022,736.7337,735.5441,738.1811,101,101,923814.8888,neg
1414,1414,616.358904,616.356852,616.36071,665.8946,664.9266,666.9199,76,76,87668.7867,neg
1415,1415,616.460681,616.458606,616.462195,736.96405,735.5441,738.9971,100,100,357974.5301,neg
1416,1416,616.550156,616.547565,616.552232,57.44855,54.7889,59.3423,86,86,81640.14404,neg
1417,1417,617.473213,617.471204,617.474561,751.6703,750.1593,753.0144,101,101,1447068.527,neg
1418,1418,618.47642,618.474416,618.477841,751.7433,749.9403,753.0926,101,101,543886.2953,neg
1419,1419,618.547217,618.544512,618.549114,58.0547,56.202,59.5798,101,101,173005.8607,neg
1420,1420,619.285573,619.283411,619.287271,659.0647,615.6272,691.211,101,101,568102.9651,neg
1421,1421,619.478671,619.476111,619.480904,750.7726,749.2664,752.5951,79,79,78317.49521,neg
1422,1422,620.289031,620.286655,620.291348,659.2699,615.6272,691.0494,100,100,148628.4624,neg
1423,1423,620.351879,620.349271,620.354479,684.0245,682.7473,684.6734,63,63,65054.38036,neg
1424,1424,620.544178,620.541562,620.546259,58.0672,56.2697,59.8333,98,98,165483.0652,neg
1425,1425,622.286034,622.283843,622.288267,633.9071,632.8393,634.7854,101,101,230853.9438,neg
1426,1426,622.330541,622.328451,622.332249,670.6999,669.6473,671.6463,101,101,322433.9743,neg
1427,1427,622.541406,622.538693,622.544123,57.3559,55.5062,58.9518,88,88,82466.10309,neg
1428,1428,622.737337,622.734915,622.739474,58.7676,57.4506,60.1563,101,101,137972.3662,neg
1429,1429,623.333738,623.331457,623.336361,670.73105,669.2322,672.1731,74,74,72824.24945,neg
1430,1430,624.30128,624.281777,624.308122,662.06545,616.7491,663.4473,108,101,146793.2771,neg
1431,1431,624.334983,624.331006,624.337387,511.8236,506.1535,514.9351,97,97,353710.2336,neg
1432,1432,624.734379,624.731967,624.736755,58.8126,57.9462,59.6323,99,99,161566.1616,neg
1433,1433,625.338976,625.336004,625.355072,510.98195,505.6436,545.0898,60,58,104241.746,neg
1434,1434,626.317432,626.315212,626.319541,693.8225,692.6313,694.7536,101,101,160392.5332,neg
1435,1435,626.354021,626.351437,626.355712,260.75285,259.7077,262.0116,60,60,131536.0653,neg
1436,1436,626.731675,626.728862,626.733475,58.4429,57.3781,59.917,99,99,85775.88228,neg
1437,1437,627.371509,627.369537,627.373819,533.4674,531.6123,534.8504,68,68,81172.42055,neg
1438,1438,628.575671,628.573088,628.578287,53.3122,51.9698,55.3883,60,60,51968.24296,neg
1439,1439,629.397947,629.396064,629.399664,708.9774,703.1859,714.3053,83,83,191802.2319,neg
1440,1440,630.299322,630.297237,630.301616,609.76675,608.3824,610.7579,98,98,124706.583,neg
1441,1441,632.314922,632.312848,632.316742,633.6608,633.1039,634.3097,101,101,4272024.592,neg
1442,1442,633.31832,633.31625,633.32,633.7324,633.0951,634.3641,101,101,1225123.324,neg
1443,1443,634.330557,634.328637,634.332218,662.5769,661.9671,663.5471,101,101,3062582.511,neg
1444,1444,635.333876,635.331924,635.335701,662.6249,661.8198,663.4473,101,101,873549.6428,neg
1445,1445,636.346199,636.344174,636.348015,693.6907,692.6313,694.3368,101,101,3622393.127,neg
1446,1446,636.45787,636.455754,636.459868,797.3629,796.2889,798.4485,97,97,77965.33273,neg
1447,1447,637.34977,637.347423,637.351444,693.6527,692.6313,694.3368,101,101,1019299.512,neg
1448,1448,638.352052,638.349705,638.35431,693.6527,692.747,694.4485,101,101,180103.1854,neg
1449,1449,647.434008,647.430732,647.43735,703.9033,702.8248,705.1184,91,91,64606.25912,neg
1450,1450,648.271168,648.268929,648.273236,604.1181,603.1487,605.0377,77,77,91174.41846,neg
1451,1451,654.299387,654.297136,654.301478,607.4332,606.8049,608.1963,99,99,148722.6135,neg
1452,1452,656.314951,656.312855,656.316708,630.7875,629.9531,631.4301,101,101,922741.7097,neg
1453,1453,657.318171,657.315829,657.320037,630.7216,629.6528,631.5847,101,101,261313.3268,neg
1454,1454,658.330657,658.326487,658.332731,649.0443,647.1893,650.6899,97,97,185563.8644,neg
1455,1455,659.508799,659.489371,659.511723,850.4251,816.6305,851.314,57,56,95207.61202,neg
1456,1456,664.584857,664.583185,664.587432,950.1567,947.9109,952.4321,66,66,71478.5501,neg
1457,1457,666.272891,666.270089,666.275641,652.3542,650.2271,657.8145,65,65,93425.35104,neg
1458,1458,666.600852,666.598935,666.602862,990.985,988.9087,993.9353,101,101,153961.5672,neg
1459,1459,667.604396,667.602302,667.60633,990.7231,988.3385,993.5945,69,69,83446.57092,neg
1460,1460,670.285365,670.283066,670.287074,651.7452,650.7291,652.7261,101,101,439154.512,neg
1461,1461,670.317244,670.31446,670.318896,260.5759,259.2025,261.8546,97,97,191161.7481,neg
1462,1462,671.288592,671.286199,671.291351,651.535,650.083,653.2426,98,98,91925.29789,neg
1463,1463,674.286632,674.284474,674.28888,618.273,617.5546,619.2221,101,101,231619.9171,neg
1464,1464,676.302321,676.300092,676.304148,651.7746,649.4382,652.7261,101,101,1708013.653,neg
1465,1465,676.505665,676.503154,676.508444,57.0408,54.6547,58.7676,91,91,89847.12301,neg
1466,1466,677.305638,677.303504,677.307656,651.8991,649.4382,653.7977,101,101,484456.2622,neg
1467,1467,678.503003,678.500228,678.505451,57.1825,54.7889,58.9168,97,97,100526.6086,neg
1468,1468,680.315102,680.312579,680.317084,628.37305,627.025,629.1353,100,100,156326.3328,neg
1469,1469,680.499446,680.49717,680.502942,56.4538,54.6547,58.9504,67,67,59907.47026,neg
1470,1470,680.616692,680.61357,680.618561,1016.2947,1014.0877,1018.982,99,99,138632.848,neg
1471,1471,681.619947,681.617656,681.621631,1016.2303,1013.9868,1018.9346,64,64,79571.99839,neg
1472,1472,683.444799,683.441222,683.446607,737.2431,735.0046,739.4555,101,101,302111.4315,neg
1473,1473,684.4482,684.445414,684.450241,737.0158,734.4615,741.3199,81,81,88263.32733,neg
1474,1474,685.460418,685.458402,685.462401,751.94,750.1593,753.1548,101,101,471866.7658,neg
1475,1475,686.464062,686.461482,686.465617,752.02045,749.8384,753.5957,96,96,177738.9512,neg
1476,1476,690.273055,690.27033,690.275575,634.0184,632.384,635.5411,70,70,71335.91474,neg
1477,1477,690.317726,690.315165,690.320262,670.9063,669.3165,672.4269,85,85,83021.20527,neg
1478,1478,690.60064,690.598813,690.602915,955.67465,952.8062,958.0877,66,66,77394.12804,neg
1479,1479,691.499707,691.497095,691.501864,780.5874,779.5662,781.6085,101,101,192351.2126,neg
1480,1480,692.503195,692.5007,692.505354,780.24745,779.2304,781.4316,88,88,65847.60372,neg
1481,1481,692.616563,692.614444,692.618238,995.6481,993.7623,999.4176,101,101,277341.0058,neg
1482,1482,693.619829,693.617758,693.622007,995.54685,993.7071,998.6367,100,100,122630.0319,neg
1483,1483,694.285417,694.282896,694.287185,633.8277,632.5833,634.8664,101,101,267505.2609,neg
1484,1484,694.632282,694.6302,694.634177,1045.564,1042.7512,1048.5394,101,101,408809.6895,neg
1485,1485,695.288446,695.285742,695.291097,633.5942,632.0275,635.1247,58,58,65094.52087,neg
1486,1486,695.635678,695.633333,695.637453,1045.4667,1042.13,1048.5394,101,101,180543.9554,neg
1487,1487,696.30108,696.298453,696.302964,662.15,660.8718,662.9806,101,101,170180.4528,neg
1488,1488,698.316605,698.314244,698.319312,693.8131,692.9659,694.7536,101,101,173118.3379,neg
1489,1489,698.509732,698.506607,698.511368,886.8492,885.0166,889.1123,66,66,63858.67559,neg
1490,1490,700.302312,700.300015,700.304257,633.9851,633.1293,634.694,101,101,1138761.805,neg
1491,1491,701.305638,701.303411,701.3077,634.1401,633.1845,635.1013,101,101,329684.0597,neg
1492,1492,702.317354,702.305256,702.319824,663.1893,632.073,664.5298,117,101,812575.4114,neg
1493,1493,703.321286,703.318921,703.323485,662.8938,661.6237,664.1155,101,101,234672.6482,neg
1494,1494,704.333683,704.331179,704.335536,693.915,692.6313,694.7536,101,101,962818.2535,neg
1495,1495,705.337101,705.334747,705.338981,693.9216,692.6313,694.7069,101,101,276668.1747,neg
1496,1496,705.515537,705.513106,705.525589,798.0411,796.91,799.6839,100,100,84247.27613,neg
1498,1498,709.502797,709.499663,709.504474,815.3862,814.6189,816.7991,78,78,65182.28527,neg
1499,1499,714.504096,714.502243,714.50683,869.72135,868.2463,871.3496,84,84,83437.47499,neg
1500,1500,717.515495,717.513325,717.51726,788.4892,787.394,789.4338,101,101,373707.2765,neg
1501,1501,718.519002,718.516339,718.520872,788.1998,787.1854,789.3578,101,101,144679.7127,neg
1502,1502,719.531091,719.528957,719.532813,816.1979,815.4055,817.2516,101,101,3525117.153,neg
1503,1503,720.534355,720.532062,720.53625,816.1983,815.3262,817.4502,101,101,1370278.006,neg
1504,1504,721.538944,721.535924,721.540573,816.9116,816.0148,818.0919,101,101,328993.9627,neg
1505,1505,722.509373,722.507075,722.511484,881.3334,879.9188,883.2358,101,101,254457.2164,neg
1506,1506,723.513067,723.510814,723.515161,881.0601,879.3561,883.2358,101,101,101239.1722,neg
1507,1507,724.30235,724.299891,724.3045,630.3545,629.0361,631.5176,101,101,221779.5847,neg
1508,1508,724.52397,724.521616,724.526571,890.4988,887.8036,893.5943,101,101,102684.1743,neg
1509,1509,726.540854,726.538306,726.54289,924.58325,923.3948,926.8209,100,100,103221.8227,neg
1510,1510,727.544778,727.542072,727.546308,924.4834,923.0681,926.8209,56,56,55903.33387,neg
1511,1511,731.530005,731.528725,731.532768,807.00125,805.2685,808.6846,62,62,55072.84249,neg
1512,1512,733.546717,733.544755,733.548619,833.7832,833.0126,835.3346,101,101,1222113.844,neg
1513,1513,734.550267,734.547747,734.552116,833.8027,832.4443,835.3346,101,101,499187.4752,neg
1514,1514,735.553191,735.550559,735.555004,833.7281,832.4443,835.1849,98,98,108655.436,neg
1515,1515,738.272834,738.270061,738.275247,651.5878,648.6994,653.3512,101,101,195970.9169,neg
1516,1516,738.50434,738.502322,738.506704,864.9807,862.9032,866.671,99,99,125229.5757,neg
1517,1517,739.507645,739.505544,739.512355,864.86755,862.7662,866.5513,64,64,60873.19788,neg
1518,1518,740.518756,740.51467,740.521819,876.22135,874.3777,877.9324,78,78,69886.96782,neg
1519,1519,742.273712,742.271299,742.276448,617.8708,616.6417,618.8355,59,59,72318.79807,neg
1520,1520,742.514942,742.510871,742.520995,871.3917,868.9105,875.4204,62,62,44753.54087,neg
1521,1521,742.535387,742.532819,742.537585,907.8687,906.3596,909.8727,101,101,142894.119,neg
1522,1522,743.539249,743.51867,743.541701,907.6877,873.4028,909.0865,71,71,72139.20107,neg
1523,1523,744.289774,744.287183,744.291678,651.7815,646.6242,654.2737,101,101,524214.1795,neg
1524,1524,744.559811,744.557369,744.561791,845.8574,844.3022,847.3466,100,100,205524.0851,neg
1525,1525,745.478927,745.477273,745.482238,849.106,841.2957,851.1282,65,65,52348.80557,neg
1526,1526,745.54668,745.544484,745.548949,823.6315,822.8271,824.7317,101,101,4283093.044,neg
1527,1527,746.509161,746.484421,746.512169,872.0538,847.8639,873.6269,101,101,144563.8071,neg
1528,1528,746.550068,746.54761,746.552317,823.6721,822.8271,824.7317,101,101,1772849.622,neg
1529,1529,747.562558,747.559966,747.564534,854.7103,853.0348,856.6486,101,101,2484628.017,neg
1530,1530,748.524946,748.522818,748.52762,887.8474,886.1825,890.5696,101,101,376311.9246,neg
1531,1531,748.565744,748.563278,748.567929,854.5797,853.0348,855.8979,101,101,1034181.771,neg
1532,1532,749.528816,749.526438,749.530884,887.8807,885.541,890.5696,81,81,166108.5259,neg
1533,1533,749.570823,749.568112,749.573198,856.4927,852.8254,858.7138,101,101,293667.4823,neg
1534,1534,750.540829,750.538412,750.542896,919.1023,917.2544,920.8497,101,101,399505.2398,neg
1535,1535,751.4324,751.428718,751.434239,737.2403,734.4615,740.2112,72,72,95089.80177,neg
1536,1536,751.544338,751.541871,751.546371,918.7518,917.2544,921.1515,101,101,188978.3177,neg
1537,1537,752.55155,752.547463,752.556604,923.28755,918.7737,936.9444,76,76,72286.46784,neg
1538,1538,753.447719,753.445383,753.450094,751.9484,750.1593,754.7982,98,98,171330.5111,neg
1539,1539,761.577557,761.575287,761.580178,871.0279,869.0443,872.5847,99,99,70599.02132,neg
1540,1540,762.27297,762.269854,762.274723,634.14775,632.5955,635.3907,100,100,134203.8044,neg
1541,1541,762.50479,762.502087,762.509317,857.7018,855.3684,859.0957,95,95,131197.9247,neg
1542,1542,763.392713,763.390153,763.395755,352.8247,351.9582,354.1038,53,53,103973.6053,neg
1543,1543,764.288537,764.285765,764.290811,662.1288,660.6538,663.6568,91,91,84514.11843,neg
1544,1544,764.519931,764.516638,764.524629,871.4633,868.6234,872.6804,94,94,104028.4098,neg
1545,1545,764.577692,764.574974,764.579679,915.5535,914.1385,917.8411,101,101,100624.4208,neg
1546,1546,766.304498,766.301461,766.306556,693.8225,692.5675,694.9722,95,95,88780.12904,neg
1547,1547,766.535904,766.532774,766.538772,901.7659,900.2102,903.4671,101,101,204739.574,neg
1548,1548,767.539188,767.536251,767.541611,901.3695,899.9382,903.6388,94,94,87190.96994,neg
1549,1549,768.289646,768.287233,768.291807,634.2806,633.1465,635.5677,100,100,330725.2888,neg
1550,1550,769.292652,769.29,769.295681,634.1619,632.5399,636.1026,61,61,75099.47014,neg
1551,1551,770.3054,770.302754,770.307614,663.6029,661.4374,665.257,101,101,247060.6435,neg
1552,1552,771.562348,771.559888,771.564492,831.6698,830.6244,833.1915,98,98,184977.4369,neg
1553,1553,772.32119,772.318032,772.323171,694.103,693.1818,695.2651,101,101,292576.8622,neg
1554,1554,772.524769,772.522485,772.526874,879.6857,878.0103,882.5469,77,77,57652.20508,neg
1555,1555,772.565893,772.563526,772.568646,831.4964,830.0822,833.0026,99,99,75993.88009,neg
1556,1556,773.324372,773.321684,773.326936,693.9725,692.0297,695.4062,87,87,81529.22661,neg
1557,1557,773.577965,773.575406,773.580352,859.1668,857.8855,860.812,101,101,367030.5582,neg
1558,1558,774.525689,774.52339,774.527514,833.24185,832.4222,834.7115,100,100,670823.2153,neg
1559,1559,774.540925,774.538204,774.543333,910.0936,907.8782,912.0519,90,90,78443.26235,neg
1560,1560,775.529016,775.526596,775.531009,833.24185,832.4222,834.7115,98,98,289624.634,neg
1561,1561,775.593331,775.58274,775.596028,889.5576,858.1445,891.7629,106,101,848258.3171,neg
1562,1562,776.541242,776.538785,776.543215,859.2888,858.2053,860.812,101,101,729444.7951,neg
1563,1563,776.596974,776.594292,776.599544,889.4331,888.4036,891.7629,101,101,368578.5899,neg
1564,1564,777.544629,777.542101,777.546689,859.1299,858.0061,860.812,101,101,314212.4219,neg
1565,1565,777.600643,777.597398,777.604009,889.755,888.1686,892.5416,97,97,96430.3788,neg
1566,1566,778.547154,778.544929,778.5492,858.6584,857.3233,860.1547,91,91,64371.96957,neg
1567,1567,778.556846,778.55435,778.559484,890.5235,889.0212,892.5628,101,101,401985.3003,neg
1568,1568,779.56007,779.5577,779.562529,890.1027,889.0212,892.165,100,100,166677.6763,neg
1569,1569,785.502095,785.499317,785.50544,788.1536,786.6455,790.0318,58,58,64791.68109,neg
1570,1570,786.561884,786.559185,786.564571,885.1023,883.7587,886.493,99,99,291420.529,neg
1571,1571,787.518256,787.515791,787.520463,815.95695,814.7925,817.4502,98,98,435700.0872,neg
1572,1572,787.565493,787.563133,787.567693,884.9762,883.5139,886.4325,99,99,129361.6946,neg
1573,1573,788.521514,788.519063,788.524261,815.6679,814.6009,816.9048,101,101,180253.5742,neg
1574,1574,788.541554,788.537728,788.543536,852.0595,849.9896,855.8317,95,95,74954.7054,neg
1575,1575,788.576859,788.574256,788.579721,891.671,889.7196,913.9612,96,96,301740.0125,neg
1577,1577,790.425313,790.422159,790.428951,56.00715,54.513,57.7873,68,68,57969.74088,neg
1578,1578,790.553537,790.540201,790.560722,879.3822,877.1374,892.8866,101,101,198123.0147,neg
1579,1579,790.593423,790.590589,790.596442,920.5372,918.5407,922.7036,99,99,276471.8954,neg
1580,1580,791.557173,791.543316,791.562627,878.4939,876.2157,892.8866,96,96,79371.55343,neg
1581,1581,791.596846,791.593918,791.599359,920.5422,919.1114,922.7036,99,99,119369.8085,neg
1582,1582,792.423153,792.420236,792.425598,57.1515,55.3405,59.5798,100,100,153059.6369,neg
1583,1583,792.528558,792.525523,792.534769,870.8714,869.1801,872.4724,101,101,127737.3749,neg
1584,1584,793.531915,793.527915,793.534414,870.24225,868.8047,873.2796,96,96,50310.4257,neg
1585,1585,794.420076,794.417283,794.422429,57.5316,55.0015,59.0168,100,100,209952.2556,neg
1586,1586,794.543908,794.535818,794.547257,895.9029,894.471,898.905,100,100,91788.69879,neg
1587,1587,796.417397,796.413489,796.419379,57.3547,55.3405,59.2717,101,101,177481.4314,neg
1588,1588,798.414246,798.410499,798.416762,56.6595,54.9003,58.4761,101,101,96442.4685,neg
1589,1589,798.525769,798.523145,798.527744,827.9441,824.93,829.512,99,99,297043.4924,neg
1590,1590,799.528925,799.526095,799.531821,828.2447,824.93,829.4894,97,97,126368.2027,neg
1591,1591,800.541075,800.538632,800.543493,840.8366,839.6283,842.6776,99,99,1190546.665,neg
1592,1592,801.543146,801.540037,801.545577,839.9768,838.4277,842.0921,101,101,614799.6252,neg
1593,1593,801.608794,801.606517,801.611619,896.0778,894.6265,897.7405,101,101,169094.8758,neg
1594,1594,802.544449,802.540215,802.547249,838.36045,835.3565,840.8453,86,86,147580.3226,neg
1595,1595,802.55688,802.554438,802.559076,870.5574,868.9105,872.0603,101,101,11718242.39,neg
1596,1596,803.560099,803.557657,803.562486,870.5281,868.9105,871.8766,101,101,5388671.224,neg
1597,1597,803.624989,803.622176,803.627097,929.7897,928.0904,932.2297,101,101,907270.928,neg
1598,1598,804.572229,804.569688,804.574633,896.0909,894.7407,898.2708,101,101,8069320.989,neg
1599,1599,804.628174,804.625582,804.630579,930.0935,928.0904,932.2297,101,101,423479.9127,neg
1600,1600,805.575565,805.573214,805.578181,896.0454,894.7407,898.1696,101,101,3672111.031,neg
1601,1601,805.632333,805.629132,805.635071,930.402,928.0904,934.2418,98,98,111000.9759,neg
1602,1602,806.497214,806.495168,806.499734,651.2777,647.8218,671.0563,72,72,273813.5965,neg
1603,1603,806.578574,806.576185,806.581107,896.1344,894.6265,898.1696,101,101,886600.7792,neg
1604,1604,807.581665,807.579122,807.584038,895.8047,894.7407,897.6883,100,100,160359.487,neg
1605,1605,810.393586,810.390952,810.39659,55.8863,54.0518,57.9127,71,71,58243.73527,neg
1606,1606,810.561961,810.559036,810.56414,879.7369,878.6606,881.7318,101,101,402903.466,neg
1607,1607,811.565082,811.562286,811.567967,879.7402,878.0842,881.7318,101,101,187880.1434,neg
1608,1608,812.541566,812.53864,812.544129,843.64385,842.3726,845.4903,70,70,63867.32627,neg
1609,1609,812.5769,812.574282,812.579756,886.9343,885.4122,889.252,100,100,696483.069,neg
1610,1610,813.534167,813.53146,813.536607,823.73,822.5266,825.1715,99,99,490365.2284,neg
1611,1611,813.580788,813.578198,813.583131,887.3161,885.6278,890.0134,100,100,323166.9804,neg
1612,1612,814.536798,814.534254,814.539314,823.9918,822.3273,825.1968,101,101,216983.3263,neg
1613,1613,814.590469,814.588,814.594863,892.2203,889.0423,902.6214,57,57,261673.868,neg
1614,1614,815.549695,815.541608,815.551854,853.4742,822.7964,854.7211,102,101,221620.2658,neg
1615,1615,815.603648,815.594521,815.615019,915.9063,903.2763,919.5403,91,91,101032.1959,neg
1616,1616,816.572315,816.570154,816.574739,885.2185,883.4438,887.0536,101,101,406128.4826,neg
1617,1617,816.550652,816.546065,816.553467,853.337,851.5658,855.4212,74,74,105654.1309,neg
1618,1618,816.608903,816.605752,816.610783,928.314,925.8243,930.6708,98,98,112972.7854,neg
1619,1619,817.575873,817.573072,817.57825,884.66665,883.1815,887.0536,100,100,189090.5989,neg
1620,1620,817.640119,817.637881,817.64265,950.9781,949.3653,953.5934,101,101,352118.9093,neg
1621,1621,818.551692,818.549483,818.554072,770.0281,768.7256,771.409,100,100,351407.5183,neg
1622,1622,818.588013,818.585558,818.590599,914.6086,912.8695,917.182,101,101,235924.8828,neg
1623,1623,818.64113,818.635626,818.64581,951.5956,949.17,954.9736,101,101,181890.7568,neg
1624,1624,819.55508,819.552614,819.55786,769.80535,768.7256,771.0682,96,96,151254.0036,neg
1625,1625,819.591708,819.588656,819.606234,914.1816,912.2353,932.3724,99,99,102153.0892,neg
1626,1626,820.514351,820.510109,820.516036,651.1123,648.5593,669.8793,62,62,214941.2613,neg
1627,1627,820.561478,820.557969,820.564128,907.6995,905.4078,909.9588,95,95,86081.18831,neg
1628,1628,821.563519,821.559648,821.566137,907.07,904.8041,910.2005,61,61,40994.5373,neg
1629,1629,822.525256,822.522902,822.52794,820.57075,818.4948,822.6981,94,94,115309.8459,neg
1630,1630,823.52848,823.526489,823.531893,820.5564,818.4886,822.6921,59,59,53939.08275,neg
1631,1631,824.541175,824.538848,824.543664,840.2773,839.0708,841.4702,101,101,2269530.691,neg
1632,1632,825.544539,825.542164,825.546966,840.26515,838.9072,841.4702,100,100,1063628.499,neg
1633,1633,826.556678,826.554309,826.558868,863.0358,861.5115,864.6581,101,101,5992702.321,neg
1634,1634,827.560252,827.557607,827.562298,863.0358,861.5115,864.6581,101,101,2825645.033,neg
1635,1635,827.624253,827.620806,827.626667,902.0095,900.2289,903.8222,61,61,49058.62295,neg
1636,1636,828.571666,828.569314,828.574264,878.7666,877.4603,880.9933,101,101,5808943.386,neg
1637,1637,828.65285,828.650123,828.655767,959.0658,956.5194,962.0915,59,59,66620.13844,neg
1638,1638,829.575482,829.572813,829.578029,879.2088,877.4603,881.7318,101,101,2628102.77,neg
1639,1639,829.640639,829.637596,829.642918,935.3985,933.7473,937.5612,101,101,1264251.735,neg
1640,1640,830.588047,830.584968,830.590471,907.6661,905.4078,947.6076,102,101,7260632.515,neg
1641,1641,831.590648,831.581606,831.593654,907.3734,877.5604,909.8727,117,101,3429888.312,neg
1642,1642,831.656363,831.653594,831.658748,973.95675,972.3384,976.1261,100,100,1292100.438,neg
1643,1643,832.603536,832.595599,832.605705,936.74925,903.4081,939.1069,102,101,2179684.215,neg
1644,1644,832.659687,832.657056,832.661797,974.0555,972.3384,976.1261,99,99,632595.6696,neg
1645,1645,833.607055,833.604295,833.609553,936.6487,934.9757,939.1069,101,101,975652.7125,neg
1646,1646,833.663082,833.659049,833.666214,974.5518,972.3384,976.8985,101,101,165715.9797,neg
1647,1647,834.610215,834.607421,834.612794,936.6421,934.9757,939.1069,100,100,248947.8007,neg
1648,1648,835.613582,835.610768,835.615981,935.94235,934.4106,938.3515,60,60,49850.34206,neg
1649,1649,836.577447,836.574712,836.579852,883.4193,881.7505,885.0722,100,100,174400.6261,neg
1650,1650,837.581148,837.577832,837.583292,883.5394,881.7505,885.1387,98,98,80483.13676,neg
1651,1651,838.592701,838.590303,838.595082,891.2887,889.8587,894.0041,99,99,528975.0638,neg
1652,1652,839.596233,839.59362,839.59854,891.45055,890.0738,894.0594,96,96,257455.5746,neg
1653,1653,840.308194,840.304176,840.310887,694.2627,693.0101,695.5369,74,74,84872.40783,neg
1654,1654,840.573298,840.569423,840.584882,880.03955,877.8559,882.8352,100,100,147819.4278,neg
1655,1655,840.608643,840.605694,840.610924,924.7287,923.0502,926.5344,100,100,400505.6871,neg
1656,1656,841.575572,841.569555,841.581604,879.75015,877.4978,882.5469,94,94,74364.93594,neg
1657,1657,841.614155,841.609697,841.619933,924.5141,922.3985,926.8209,100,100,196860.8953,neg
1658,1658,842.514325,842.510849,842.540591,832.7972,831.2645,872.8704,73,73,71632.89882,neg
1659,1659,842.551709,842.549116,842.554197,782.1935,778.4536,784.7423,91,91,189535.7454,neg
1660,1660,842.586644,842.582439,842.589922,893.0868,890.2902,896.3134,79,79,63393.15817,neg
1661,1661,842.622173,842.617065,842.627684,931.4622,922.4341,941.5281,59,59,97105.86155,neg
1662,1662,843.581729,843.577836,843.585135,889.5296,887.9099,891.9572,87,87,62045.19022,neg
1663,1663,843.655906,843.653545,843.658461,956.37335,953.9824,959.7192,98,98,746751.0207,neg
1664,1664,844.567366,844.564397,844.569897,779.6872,776.2959,782.9282,78,78,116802.2212,neg
1665,1665,844.603592,844.600724,844.606607,924.5717,922.4341,926.8209,66,66,49396.94676,neg
1666,1666,844.659666,844.657125,844.662488,956.36645,953.9824,959.6074,96,96,360895.2953,neg
1667,1667,845.672237,845.66916,845.674052,998.5063,996.0714,1002.5422,101,101,744983.0775,neg
1669,1669,846.582844,846.57977,846.58609,800.8019,799.2166,802.4213,83,83,97507.72494,neg
1670,1670,846.675618,846.672509,846.677631,998.28735,995.8163,1001.706,100,100,373485.8495,neg
1671,1671,847.678006,847.675458,847.680893,998.2362,995.8163,1001.2112,96,96,100185.9843,neg
1672,1672,848.541404,848.538548,848.54353,828.565,825.9604,830.4495,95,95,236609.6658,neg
1673,1673,849.544967,849.54203,849.547053,828.32445,825.9604,830.1744,90,90,113462.2415,neg
1674,1674,850.556746,850.554187,850.558959,855.9863,854.0559,857.9682,99,99,2232963.513,neg
1675,1675,851.560154,851.557467,851.562402,855.98325,854.0559,857.9682,98,98,1118248.813,neg
1676,1676,852.571551,852.567628,852.573903,872.6197,869.6992,874.8496,101,101,1538648.744,neg
1677,1677,853.575476,853.572675,853.578079,873.3837,871.3118,875.5192,101,101,731392.2699,neg
1678,1678,853.639765,853.637127,853.643456,909.8342,907.9145,912.8499,87,87,69366.94511,neg
1679,1679,854.58783,854.584931,854.590499,899.93225,897.5189,901.71,100,100,2796389.517,neg
1680,1680,854.66872,854.666043,854.671791,962.4554,960.3297,965.1967,58,58,74589.62292,neg
1681,1681,855.505941,855.503333,855.508103,815.6679,814.6031,817.4502,91,91,134133.2708,neg
1682,1682,855.59137,855.588313,855.593749,899.7941,896.8722,901.71,101,101,1389885.998,neg
1683,1683,855.656214,855.653261,855.658774,940.88985,939.0333,943.0298,100,100,1534280.74,neg
1684,1684,856.603405,856.59979,856.605764,918.3218,916.4008,920.7669,101,101,1985627.004,neg
1686,1686,856.685479,856.682428,856.687826,1006.49555,1004.3813,1009.1438,58,58,86393.26478,neg
1687,1687,857.60708,857.603915,857.609514,918.7282,917.2544,920.7948,99,99,953828.0122,neg
1688,1688,857.671746,857.668911,857.674442,978.77415,976.9527,981.4094,98,98,2781471.35,neg
1689,1689,858.613914,858.610511,858.616979,919.2127,916.67,945.744,101,101,441814.6403,neg
1690,1690,858.675175,858.672483,858.677675,978.7627,976.9527,981.4094,98,98,1413902.88,neg
1691,1691,859.620572,859.616397,859.625344,945.101,942.7344,946.9519,82,82,119199.1904,neg
1692,1692,859.687526,859.684938,859.690158,1025.70145,1022.1957,1028.8483,100,100,1110445.066,neg
1694,1694,860.691024,860.688403,860.693506,1025.3349,1022.1957,1028.8483,100,100,575311.0342,neg
1695,1695,861.694213,861.691061,861.69643,1025.309,1022.1957,1028.8483,97,97,146111.5476,neg
1696,1696,866.624272,866.621114,866.62687,928.8752,926.6674,931.3837,98,98,106393.2549,neg
1697,1697,867.627844,867.624682,867.629883,928.44235,925.928,930.971,62,62,50733.02938,neg
1698,1698,868.528798,868.525781,868.531332,840.6954,839.0224,842.6776,87,87,108330.0369,neg
1699,1699,868.639474,868.636637,868.642813,964.3159,960.3854,967.4313,67,67,72614.12613,neg
1700,1700,869.527678,869.522992,869.533953,837.3441,835.5314,840.2629,85,85,74621.50318,neg
1701,1701,870.544119,870.541522,870.546742,871.838,869.804,873.4361,99,99,549019.8007,neg
1702,1702,871.547525,871.544906,871.550143,871.8375,869.4152,873.9466,99,99,261664.0595,neg
1703,1703,871.612337,871.609301,871.614809,929.4584,927.4241,931.4622,89,89,90452.82897,neg
1704,1704,871.687344,871.684916,871.689932,995.5696,991.6288,1001.6283,95,95,192338.6151,neg
1705,1705,872.559644,872.547691,872.562438,896.407,869.1584,898.8857,99,99,447962.4787,neg
1706,1706,872.691302,872.688446,872.694068,995.1634,991.736,1000.9951,88,88,102075.6147,neg
1707,1707,873.563173,873.560473,873.56621,896.4021,895.0071,898.8857,95,95,209336.083,neg
1708,1708,873.702853,873.699979,873.705547,1046.2881,1042.8205,1051.1145,61,61,85460.45083,neg
1709,1709,874.557185,874.554014,874.559597,837.3643,836.0541,838.7805,85,85,87444.59863,neg
1710,1710,876.572226,876.56945,876.574957,861.1285,858.7869,863.5216,96,96,100379.0483,neg
1711,1711,878.58772,878.584649,878.590982,891.9008,888.496,894.0097,99,99,410775.1223,neg
1712,1712,879.591037,879.587954,879.59447,891.9118,889.5121,894.0097,99,99,214318.7035,neg
1713,1713,880.601886,880.598542,880.605226,907.5107,904.0188,911.7363,94,94,265112.3606,neg
1714,1714,881.521319,881.519007,881.523631,823.5611,821.8616,825.1715,87,87,139758.1364,neg
1715,1715,881.606844,881.603906,881.609211,908.98655,905.8798,914.031,96,96,117214.587,neg
1716,1716,882.524541,882.52181,882.528065,823.3415,821.3892,824.8365,77,77,60076.75766,neg
1717,1717,882.618192,882.615417,882.621241,930.6929,928.0904,933.2545,89,89,123891.2436,neg
1718,1718,883.536329,883.5333,883.539945,852.7191,850.8879,854.4344,59,59,63699.56088,neg
1719,1719,883.621769,883.619155,883.625562,930.516,928.6889,933.2545,67,67,63700.16056,neg
1720,1720,892.528765,892.525992,892.532356,840.20585,837.7933,841.6031,92,92,193499.6592,neg
1721,1721,893.532215,893.529499,893.534641,840.4194,839.0224,842.0475,69,69,97106.5107,neg
1722,1722,894.544067,894.541692,894.546738,861.85285,858.8059,864.0212,94,94,313013.0691,neg
1724,1724,895.5477,895.5446,895.550289,861.92145,858.8059,864.3252,96,96,143698.084,neg
1725,1725,896.559419,896.556819,896.56244,879.434,878.0842,881.7318,93,93,333850.0708,neg
1726,1726,897.563282,897.560452,897.565768,879.8247,878.2157,881.9343,93,93,161178.4082,neg
1727,1727,897.628049,897.624707,897.630777,935.6171,933.352,939.1069,95,95,129456.3768,neg
1728,1728,898.57498,898.563492,898.578175,908.5497,878.5346,911.7363,111,98,504520.8716,neg
1729,1729,899.578731,899.575671,899.581395,908.6732,906.4625,911.7363,91,91,245802.5518,neg
1730,1730,899.643546,899.640285,899.646147,974.415,972.022,976.8985,91,91,168152.756,neg
1731,1731,900.590254,900.582294,900.593865,937.0313,905.8798,940.2193,114,100,212295.3461,neg
1732,1732,900.646912,900.644236,900.650024,973.8307,971.7619,976.1261,82,82,81308.79876,neg
1733,1733,901.594611,901.591273,901.59727,936.66155,934.3803,939.8904,98,98,96895.26614,neg
1734,1734,906.612409,906.61011,906.615136,834.93685,833.2025,836.3318,74,74,124737.1017,neg
1735,1735,911.643313,911.640948,911.646916,956.47275,953.9824,960.0103,78,78,94280.07648,neg
1736,1736,913.659227,913.656319,913.661547,998.6893,995.8163,1001.9905,85,85,118134.94,neg
1737,1737,914.662295,914.659795,914.665451,998.4923,996.0714,1001.7825,55,55,73283.54038,neg
1738,1738,918.543943,918.541343,918.54711,855.1591,851.8384,857.2491,82,82,164084.4255,neg
1739,1739,920.558426,920.55481,920.56229,874.374,870.1385,876.8066,73,73,76527.21634,neg
1740,1740,922.575397,922.572372,922.578326,900.67165,896.2785,903.5372,94,94,169328.2316,neg
1741,1741,922.68712,922.684813,922.689759,1019.8293,1017.6464,1023.1532,70,70,96497.417,neg
1742,1742,923.579179,923.575463,923.581877,900.834,898.2075,903.8146,76,76,81995.09718,neg
1743,1743,923.643269,923.640678,923.646443,941.3086,939.1681,943.6223,83,83,171263.8908,neg
1744,1744,924.591122,924.587935,924.593896,918.9971,916.4008,922.0181,96,96,167683.0169,neg
1745,1745,925.594415,925.591568,925.596893,919.1584,917.1906,922.0181,79,79,84919.79464,neg
1746,1746,925.659179,925.656259,925.662018,979.3399,976.75,982.2265,91,91,368076.2413,neg
1747,1747,926.662613,926.659496,926.665308,979.2239,976.2907,982.3207,89,89,195674.7136,neg
1748,1748,927.674878,927.67224,927.677448,1025.6626,1022.1957,1028.8483,92,92,171224.3847,neg
1749,1749,928.678645,928.675511,928.680861,1025.3706,1022.1957,1028.5127,80,80,87603.26004,neg
1750,1750,938.531913,938.52876,938.53504,871.9049,869.5643,874.2435,86,86,115884.6611,neg
1751,1751,940.547106,940.544098,940.550289,895.9535,894.4026,899.1399,77,77,99271.51212,neg
1752,1752,964.547002,964.543824,964.54972,879.7914,877.4603,882.2574,55,55,76082.01934,neg
1753,1753,966.562653,966.559765,966.565632,909.2927,905.8798,913.6209,75,75,119768.4098,neg
1754,1754,967.565335,967.563246,967.569205,908.9482,905.8798,912.1115,55,55,55115.99464,neg
1755,1755,993.646859,993.643352,993.649365,979.2686,976.75,982.9775,70,70,117238.8611,neg